timestamp;utility;agent_index;meeting_index 
1;5.0761111111111;239;139.925396825397;
2;4.6881111111111;221;190.403174603175;
3;4.4651111111111;209;185.173015873016;
4;4.74555555555555;223;194.285714285715;
5;4.67688888888888;221;193.515873015873;
6;4.28444444444445;201;177.531746031746;
7;4.34000000000001;203;176.888888888889;
8;4.55422222222223;213;185.396825396825;
9;4.70244444444445;220;191.515873015873;
10;4.36200000000001;204;178.007936507936;
11;4.29822222222223;201;175.579365079365;
12;4.55466666666668;213;185.97619047619;
13;4.40411111111112;206;179.880952380952;
14;4.4468888888889;208;181.222222222222;
15;4.83255555555556;226;196.722222222222;
16;4.61833333333334;216;188.5;
17;3.9808888888889;186;162.793650793651;
18;4.25622222222223;199;174.15873015873;
19;4.44600000000001;208;181.666666666667;
20;4.53033333333334;212;185.007936507936;
21;4.40266666666667;206;179.84126984127;
22;4.33800000000001;203;177.238095238095;
23;4.33722222222223;203;177.277777777777;
24;4.53077777777779;212;185.007936507936;
25;4.8288888888889;226;197.119047619048;
26;4.4668888888889;209;182.619047619048;
27;4.57533333333334;214;186.698412698413;
28;4.81266666666668;225;195.984126984127;
29;4.25777777777779;199;174.047619047619;
30;4.19266666666668;196;171.365079365079;
31;4.29711111111112;201;175.865079365079;
32;4.34311111111112;203;177.523809523809;
33;3.93500000000001;184;160.833333333333;
34;4.49211111111113;210;183.111111111111;
35;4.29955555555556;201;175.253968253968;
36;4.16977777777778;195;170.15873015873;
37;4.34355555555556;203;177.269841269841;
38;4.17022222222223;195;170.293650793651;
39;4.03955555555556;189;164.992063492063;
40;3.76266666666667;176;153.968253968254;
41;3.95511111111111;185;161.753968253968;
42;3.80733333333333;178;155.761904761905;
43;4.12622222222223;193;168.52380952381;
44;4.12566666666667;193;168.555555555556;
45;4.14766666666667;194;169.619047619047;
46;3.99866666666667;187;163.357142857143;
47;4.234;198;172.563492063492;
48;3.91644444444445;183;159.849206349206;
49;4.34133333333334;203;176.809523809524;
50;3.50644444444445;164;143.809523809524;
51;3.99822222222223;187;163.404761904762;
52;4.16800000000001;195;170.47619047619;
53;4.66111111111112;218;190;
54;4.36255555555556;204;178.087301587301;
55;4.40722222222223;206;179.84126984127;
56;4.46977777777778;209;182.444444444444;
57;4.79066666666667;224;195.119047619048;
58;4.4718888888889;209;182.214285714286;
59;4.66300000000001;218;190.071428571429;
60;4.77122222222223;223;194.269841269841;
61;4.51422222222223;211;184;
62;4.74900000000001;222;193.18253968254;
63;4.38622222222223;205;178.833333333333;
64;4.31822222222223;202;176.325396825397;
65;4.81011111111112;225;196.214285714286;
66;4.93677777777779;231;201.134920634921;
67;4.34077777777779;203;177.325396825397;
68;4.51100000000001;211;184.238095238095;
69;4.61955555555556;216;188.277777777778;
70;4.70444444444445;220;192.071428571428;
71;4.94177777777779;231;201.396825396825;
72;5.00533333333335;234;203.761904761905;
73;5.08722222222223;238;206.857142857143;
74;4.98033333333334;233;202.865079365079;
75;4.61722222222223;216;188.873015873016;
76;4.66222222222223;218;190.642857142857;
77;4.51222222222223;211;184.928571428571;
78;4.40533333333334;206;180.722222222222;
79;4.31900000000001;202;177.230158730159;
80;4.5988888888889;215;188.206349206349;
81;4.5108888888889;211;184.936507936508;
82;4.64111111111112;217;190.031746031746;
83;3.95444444444445;185;162.595238095238;
84;4.34222222222223;203;177.833333333333;
85;4.59555555555557;215;187.928571428571;
86;4.49122222222223;210;183.801587301587;
87;4.65844444444445;218;190.5;
88;4.48933333333335;210;183.912698412698;
89;4.29666666666667;201;176.174603174603;
90;4.25266666666668;199;174.230158730158;
91;4.44700000000001;208;182.087301587301;
92;4.08388888888889;191;167.738095238095;
93;4.34166666666667;203;177.626984126984;
94;4.40533333333334;206;180.285714285714;
95;3.97833333333334;186;163.293650793651;
96;3.91288888888889;183;160.412698412698;
97;3.762;176;154.611111111111;
98;4.06244444444445;190;166.555555555555;
99;4.06355555555556;190;166.619047619047;
100;3.70166666666667;173;152.095238095238;
101;4.38200000000001;205;179.388888888889;
102;4.40533333333334;206;180.484126984127;
103;4.19277777777778;196;171.936507936508;
104;4.70444444444446;220;192.365079365079;
105;4.23411111111112;198;173.722222222222;
106;4.2328888888889;198;173.666666666666;
107;4.27644444444445;200;175.166666666666;
108;4.36366666666668;204;178.531746031746;
109;4.25500000000001;199;173.952380952381;
110;4.21144444444445;197;172.325396825397;
111;4.38155555555556;205;179.547619047619;
112;4.29844444444445;201;176.111111111111;
113;4.1268888888889;193;169.531746031746;
114;4.21300000000001;197;172.785714285714;
115;4.23477777777779;198;173.698412698412;
116;4.34211111111112;203;177.404761904762;
117;4.1268888888889;193;169.357142857143;
118;4.08333333333334;191;167.777777777778;
119;3.955;185;162.611111111111;
120;4.1898888888889;196;171.785714285714;
121;4.57433333333334;214;187.206349206349;
122;3.67666666666667;172;151.253968253968;
123;4.27755555555556;200;174.904761904762;
124;3.84911111111111;180;158.349206349206;
125;3.91544444444445;183;160.68253968254;
126;3.44311111111111;161;141.809523809524;
127;3.84644444444445;180;157.97619047619;
128;3.57011111111111;167;147.269841269841;
129;3.50688888888889;164;144.253968253968;
130;4.01666666666667;188;164.619047619047;
131;3.93222222222223;184;161.531746031746;
132;3.65544444444445;171;150.579365079365;
133;3.91233333333334;183;160.357142857143;
134;3.25;152;133.81746031746;
135;3.52855555555556;165;145.230158730159;
136;3.63388888888889;170;149.563492063492;
137;3.72011111111111;174;152.912698412698;
138;3.63388888888889;170;149.468253968254;
139;3.378;158;139.722222222222;
140;3.67933333333333;172;151.198412698413;
141;3.65544444444445;171;150.18253968254;
142;4.59700000000001;215;187.595238095238;
143;4.18955555555556;196;171.293650793651;
144;4.38366666666668;205;179.126984126984;
145;4.5108888888889;211;184.5;
146;4.40300000000001;206;180.626984126984;
147;4.04166666666667;189;165.777777777778;
148;4.08255555555556;191;167.595238095238;
149;4.12755555555556;193;168.896825396825;
150;4.21111111111112;197;172.380952380952;
151;4.27611111111112;200;174.84126984127;
152;3.72066666666667;174;152.896825396825;
153;4.42566666666668;207;181.15873015873;
154;4.48900000000001;210;183.746031746032;
155;4.5978888888889;215;188.063492063492;
156;4.46777777777779;209;182.595238095238;
157;4.16944444444445;195;171.182539682539;
158;4.12688888888889;193;169.484126984127;
159;4.55177777777779;213;186.285714285714;
160;4.70233333333334;220;191.984126984127;
161;4.65944444444445;218;190.730158730159;
162;4.189;196;171.873015873016;
163;4.14600000000001;194;170.436507936508;
164;4.59677777777779;215;187.722222222222;
165;4.59677777777779;215;187.952380952381;
166;4.23233333333334;198;173.690476190476;
167;3.99911111111112;187;164.31746031746;
168;4.32011111111112;202;177.055555555555;
169;3.95533333333334;185;162.587301587301;
170;4.57555555555556;214;187.706349206349;
171;4.31877777777778;202;176.992063492063;
172;4.38211111111112;205;178.880952380952;
173;4.46733333333334;209;182.698412698413;
174;4.65944444444445;218;190.420634920635;
175;4.57477777777779;214;187.103174603174;
176;4.82977777777779;226;197.325396825397;
177;4.42544444444446;207;181.563492063492;
178;4.53366666666668;212;185.531746031746;
179;4.96033333333335;232;202.357142857143;
180;4.4238888888889;207;181.357142857143;
