1421067965900
1421067965901
1421067965902
1421067965905
1421067965911
1421067965912
1421067965913
1421067965916
1421067965920
1421067965921
1421067965924
1421067965928
1421067965931
1421067965932
1421067965933
1421067965935
1421067965938
1421067965939
1421067965942
1421067965944
1421067965945
1421067965948
1421067965949
1421067965953
1421067965956
1421067965959
1421067965960
1421067965961
1421067965964
1421067965965
1421067965967
1421067965968
1421067965971
1421067965972
1421067965975
1421067965976
1421067965978
1421067965982
1421067965983
1421067965986
1421067965989
1421067965993
1421067965994
1421067966000
1421067966001
1421067966004
1421067966007
1421067966009
1421067966011
1421067966012
1421067966015
1421067966018
1421067966019
1421067966022
1421067966026
1421067966029
1421067966032
1421067966036
1421067966039
1421067966043
1421067966044
1421067966047
1421067966050
1421067966054
1421067966055
1421067966058
1421067966060
1421067966061
1421067966064
1421067966065
1421067966066
1421067966069
1421067966074
1421067966079
1421067966080
1421067966085
1421067966088
1421067966090
1421067966096
1421067966099
1421067966101
1421067966104
1421067966108
1421067966112
1421067966113
1421067966115
1421067966116
1421067966119
1421067966123
1421067966124
1421067966126
1421067966127
1421067966130
1421067966134
1421067966135
1421067966138
1421067966141
1421067966145
1421067966146
1421067966149
1421067966151
1421067965903
1421067965906
1421067965907
1421067965908
1421067965909
1421067965910
1421067965917
1421067965918
1421067965919
1421067965922
1421067965923
1421067965926
1421067965927
1421067965934
1421067965937
1421067965940
1421067965943
1421067965947
1421067965950
1421067965951
1421067965952
1421067965954
1421067965955
1421067965958
1421067965962
1421067965966
1421067965969
1421067965973
1421067965977
1421067965984
1421067965987
1421067965988
1421067965990
1421067965997
1421067965998
1421067965999
1421067966003
1421067966006
1421067966008
1421067966013
1421067966014
1421067966017
1421067966020
1421067966023
1421067966024
1421067966025
1421067966028
1421067966030
1421067966033
1421067966034
1421067966035
1421067966037
1421067966038
1421067966040
1421067966041
1421067966045
1421067966046
1421067966049
1421067966051
1421067966056
1421067966062
1421067966067
1421067966068
1421067966070
1421067966072
1421067966073
1421067966076
1421067966077
1421067966078
1421067966081
1421067966083
1421067966084
1421067966087
1421067966089
1421067966091
1421067966092
1421067966094
1421067966095
1421067966098
1421067966100
1421067966102
1421067966105
1421067966106
1421067966109
1421067966110
1421067966114
1421067966118
1421067966120
1421067966121
1421067966125
1421067966129
1421067966131
1421067966132
1421067966136
1421067966137
1421067966140
1421067966142
1421067966143
1421067966147
1421067966148
1421067966152
1421067965895
1421067965899
1421067965900
1421067965901
1421067965902
1421067965905
1421067965911
1421067965912
1421067965913
1421067965916
1421067965920
1421067965921
1421067965924
1421067965928
1421067965931
1421067965932
1421067965933
1421067965935
1421067965938
1421067965939
1421067965942
1421067965944
1421067965945
1421067965948
1421067965949
1421067965953
1421067965956
1421067965959
1421067965960
1421067965961
1421067965964
1421067965965
1421067965967
1421067965968
1421067965971
1421067965972
1421067965975
1421067965976
1421067965978
1421067965982
1421067965983
1421067965986
1421067965989
1421067965993
1421067966000
1421067966001
1421067966004
1421067966007
1421067966009
1421067966011
1421067966012
1421067966015
1421067966018
1421067966019
1421067966022
1421067966026
1421067966029
1421067966032
1421067966036
1421067966039
1421067966043
1421067966044
1421067966047
1421067966050
1421067966054
1421067966055
1421067966058
1421067966060
1421067966061
1421067966064
1421067966065
1421067966066
1421067966069
1421067966074
1421067966079
1421067966080
1421067966085
1421067966090
1421067966096
1421067966099
1421067966101
1421067966104
1421067966108
1421067966112
1421067966113
1421067966115
1421067966116
1421067966119
1421067966123
1421067966124
1421067966126
1421067966127
1421067966130
1421067966134
1421067966135
1421067966138
1421067966141
1421067966145
1421067966146
1421067966149
1421067966151
1421067965893
1421067965896
1421067965897
1421067965898
1421067965903
1421067965906
1421067965907
1421067965908
1421067965909
1421067965910
1421067965917
1421067965918
1421067965922
1421067965923
1421067965926
1421067965927
1421067965934
1421067965937
1421067965940
1421067965943
1421067965947
1421067965950
1421067965951
1421067965952
1421067965954
1421067965955
1421067965958
1421067965962
1421067965966
1421067965969
1421067965973
1421067965977
1421067965984
1421067965987
1421067965988
1421067965990
1421067965994
1421067965997
1421067965998
1421067965999
1421067966003
1421067966006
1421067966008
1421067966014
1421067966017
1421067966020
1421067966023
1421067966024
1421067966025
1421067966028
1421067966030
1421067966033
1421067966034
1421067966038
1421067966040
1421067966041
1421067966045
1421067966046
1421067966049
1421067966051
1421067966056
1421067966062
1421067966067
1421067966070
1421067966072
1421067966073
1421067966076
1421067966077
1421067966078
1421067966081
1421067966083
1421067966084
1421067966087
1421067966088
1421067966089
1421067966091
1421067966092
1421067966094
1421067966095
1421067966098
1421067966100
1421067966102
1421067966105
1421067966106
1421067966109
1421067966110
1421067966114
1421067966118
1421067966120
1421067966121
1421067966125
1421067966129
1421067966131
1421067966132
1421067966136
1421067966137
1421067966142
1421067966143
1421067966147
1421067966148
1421067966153
1421067966087
1421067966088
1421067966089
1421067966090
1421067966091
1421067966092
1421067966093
1421067966094
1421067966095
1421067966096
1421067966098
1421067966099
1421067966100
1421067966101
1421067966102
1421067966104
1421067966105
1421067966106
1421067966107
1421067966108
1421067966109
1421067966110
1421067966112
1421067966113
1421067966114
1421067966115
1421067966116
1421067966118
1421067966119
1421067966120
1421067966121
1421067966123
1421067966124
1421067966125
1421067966126
1421067966127
1421067966128
1421067966129
1421067966130
1421067966131
1421067966132
1421067966134
1421067966135
1421067966136
1421067966137
1421067966138
1421067966140
1421067966141
1421067966142
1421067966143
1421067966145
1421067966146
1421067966147
1421067966148
1421067966149
1421067966151
1421067966152
1421067966153
1421067966154
1421067966155
1421067966156
1421067966158
1421067966159
1421067966160
1421067966161
1421067966162
1421067966163
1421067966164
1421067966165
1421067966166
1421067966167
1421067966169
1421067966170
1421067966171
1421067966172
1421067966173
1421067966174
1421067966175
1421067966176
1421067966177
1421067966178
1421067966181
1421067966182
1421067966183
1421067966184
1421067966185
1421067966186
1421067966187
1421067966188
1421067966189
1421067966192
1421067966193
1421067966194
1421067966195
1421067966196
1421067966197
1421067966198
1421067966200
1421067966201
1421067966202
1421067966203
1421067965904
1421067965914
1421067965915
1421067965919
1421067965925
1421067965929
1421067965930
1421067965936
1421067965941
1421067965946
1421067965957
1421067965963
1421067965970
1421067965974
1421067965979
1421067965980
1421067965981
1421067965985
1421067965991
1421067965992
1421067965995
1421067965996
1421067966002
1421067966005
1421067966010
1421067966013
1421067966016
1421067966021
1421067966027
1421067966031
1421067966035
1421067966037
1421067966042
1421067966048
1421067966052
1421067966053
1421067966057
1421067966059
1421067966063
1421067966068
1421067966071
1421067966075
1421067966082
1421067966086
1421067966093
1421067966097
1421067966103
1421067966107
1421067966111
1421067966117
1421067966122
1421067966128
1421067966133
1421067966139
1421067966140
1421067966144
1421067966150
1421067966154
1421067966155
1421067966159
1421067966162
1421067966166
1421067966173
1421067966177
1421067966184
1421067966188
1421067966198
1421067966201
1421067966205
1421067966216
1421067966220
1421067966247
1421067966258
1421067966274
1421067966279
1421067966280
1421067966281
1421067966285
1421067966291
1421067966296
1421067966303
1421067966306
1421067966307
1421067966310
1421067966313
1421067966317
1421067966321
1421067966325
1421067966328
1421067966339
1421067966340
1421067966343
1421067966346
1421067966350
1421067966353
1421067966355
1421067966359
1421067966361
1421067966365
1421067966366
1421067966372
1421067966156
1421067966158
1421067966160
1421067966161
1421067966163
1421067966164
1421067966167
1421067966169
1421067966170
1421067966171
1421067966172
1421067966174
1421067966175
1421067966176
1421067966178
1421067966181
1421067966182
1421067966183
1421067966185
1421067966186
1421067966189
1421067966192
1421067966193
1421067966194
1421067966195
1421067966196
1421067966197
1421067966200
1421067966202
1421067966203
1421067966206
1421067966207
1421067966208
1421067966211
1421067966213
1421067966214
1421067966217
1421067966218
1421067966222
1421067966244
1421067966245
1421067966246
1421067966248
1421067966249
1421067966250
1421067966253
1421067966254
1421067966255
1421067966256
1421067966257
1421067966271
1421067966272
1421067966273
1421067966275
1421067966276
1421067966278
1421067966282
1421067966283
1421067966286
1421067966287
1421067966289
1421067966290
1421067966293
1421067966294
1421067966295
1421067966300
1421067966301
1421067966304
1421067966305
1421067966308
1421067966309
1421067966311
1421067966314
1421067966315
1421067966316
1421067966318
1421067966319
1421067966320
1421067966322
1421067966326
1421067966327
1421067966329
1421067966330
1421067966331
1421067966337
1421067966341
1421067966342
1421067966344
1421067966345
1421067966347
1421067966348
1421067966351
1421067966354
1421067966356
1421067966357
1421067966358
1421067966362
1421067966368
1421067966369
1421067966370
1421067966373
1421067965904
1421067965914
1421067965915
1421067965925
1421067965929
1421067965930
1421067965936
1421067965941
1421067965946
1421067965957
1421067965963
1421067965970
1421067965974
1421067965979
1421067965980
1421067965981
1421067965985
1421067965991
1421067965992
1421067965995
1421067965996
1421067966002
1421067966005
1421067966010
1421067966016
1421067966021
1421067966027
1421067966031
1421067966042
1421067966048
1421067966052
1421067966053
1421067966057
1421067966059
1421067966063
1421067966071
1421067966075
1421067966082
1421067966086
1421067966093
1421067966097
1421067966103
1421067966107
1421067966111
1421067966117
1421067966122
1421067966128
1421067966133
1421067966139
1421067966144
1421067966150
1421067966153
1421067966155
1421067966156
1421067966158
1421067966159
1421067966160
1421067966161
1421067966162
1421067966163
1421067966164
1421067966166
1421067966167
1421067966169
1421067966170
1421067966171
1421067966172
1421067966173
1421067966174
1421067966175
1421067966177
1421067966178
1421067966182
1421067966184
1421067966185
1421067966186
1421067966188
1421067966189
1421067966192
1421067966193
1421067966194
1421067966196
1421067966197
1421067966198
1421067966200
1421067966201
1421067966202
1421067966203
1421067966205
1421067966206
1421067966207
1421067966211
1421067966213
1421067966214
1421067966216
1421067966217
1421067966218
1421067966220
1421067966222
1421067966244
1421067966245
1421067968670
1421067968671
1421067968672
1421067968673
1421067968677
1421067968678
1421067968679
1421067968680
1421067968682
1421067968683
1421067968684
1421067968688
1421067968689
1421067968690
1421067968693
1421067968694
1421067968695
1421067968697
1421067968698
1421067968699
1421067968702
1421067968703
1421067968705
1421067968706
1421067968707
1421067968709
1421067968710
1421067968712
1421067968713
1421067968714
1421067968716
1421067968717
1421067968718
1421067968720
1421067968721
1421067968723
1421067968724
1421067968725
1421067968728
1421067968729
1421067968730
1421067968731
1421067968733
1421067968734
1421067968735
1421067968737
1421067968738
1421067968739
1421067968740
1421067968741
1421067968742
1421067968744
1421067968745
1421067968746
1421067968748
1421067968749
1421067968751
1421067968752
1421067968753
1421067968755
1421067968756
1421067968757
1421067968759
1421067968762
1421067968763
1421067968764
1421067968767
1421067968768
1421067968770
1421067968772
1421067968773
1421067968774
1421067968776
1421067968778
1421067968779
1421067968780
1421067968781
1421067968783
1421067968784
1421067968785
1421067968786
1421067968787
1421067968789
1421067968790
1421067968791
1421067968792
1421067968794
1421067968795
1421067968796
1421067968797
1421067968800
1421067968801
1421067968803
1421067968804
1421067968806
1421067968807
1421067968808
1421067968809
1421067968811
1421067968812
1421067968814
1421067968665
1421067968668
1421067968668
1421067968674
1421067968675
1421067968676
1421067968681
1421067968685
1421067968686
1421067968687
1421067968691
1421067968692
1421067968696
1421067968700
1421067968701
1421067968704
1421067968708
1421067968711
1421067968715
1421067968719
1421067968722
1421067968726
1421067968727
1421067968732
1421067968736
1421067968743
1421067968747
1421067968750
1421067968754
1421067968758
1421067968760
1421067968761
1421067968765
1421067968766
1421067968769
1421067968771
1421067968775
1421067968777
1421067968782
1421067968788
1421067968793
1421067968798
1421067968799
1421067968802
1421067968805
1421067968810
1421067968813
1421067968815
1421067968816
1421067968817
1421067968818
1421067968819
1421067968820
1421067968821
1421067968822
1421067968823
1421067968824
1421067968825
1421067968826
1421067968827
1421067968828
1421067968829
1421067968830
1421067968831
1421067968832
1421067968833
1421067968834
1421067968835
1421067968836
1421067968837
1421067968838
1421067968839
1421067968840
1421067968841
1421067968842
1421067968843
1421067968844
1421067968845
1421067968846
1421067968847
1421067968848
1421067968849
1421067968850
1421067968851
1421067968852
1421067968853
1421067968854
1421067968855
1421067968856
1421067968857
1421067968858
1421067968859
1421067968860
1421067968861
1421067968862
1421067968863
1421067968864
1421067968865
1421067968866
1421067968867
1421067968868
1421067968869
