1421067917767
1421067917771
1421067917772
1421067917776
1421067917780
1421067917781
1421067917784
1421067917786
1421067917787
1421067917788
1421067917791
1421067917792
1421067917793
1421067917795
1421067917797
1421067917798
1421067917803
1421067917806
1421067917808
1421067917810
1421067917813
1421067917819
1421067917820
1421067917821
1421067917824
1421067917825
1421067917826
1421067917828
1421067917831
1421067917835
1421067917836
1421067917837
1421067917844
1421067917846
1421067917851
1421067917856
1421067917857
1421067917862
1421067917866
1421067917867
1421067917870
1421067917871
1421067917875
1421067917877
1421067917879
1421067917880
1421067917883
1421067917884
1421067917888
1421067917891
1421067917894
1421067917895
1421067917898
1421067917899
1421067917902
1421067917903
1421067917907
1421067917908
1421067917910
1421067917914
1421067917915
1421067917918
1421067917919
1421067917920
1421067917921
1421067917922
1421067917924
1421067917925
1421067917926
1421067917927
1421067917929
1421067917930
1421067917931
1421067917932
1421067917933
1421067917935
1421067917936
1421067917941
1421067917942
1421067917943
1421067917944
1421067917946
1421067917947
1421067917950
1421067917954
1421067917955
1421067917958
1421067917960
1421067917961
1421067917962
1421067917965
1421067917966
1421067917969
1421067917971
1421067917972
1421067917977
1421067917982
1421067917983
1421067917984
1421067917987
1421067917988
1421067917767
1421067917782
1421067917783
1421067917784
1421067917786
1421067917788
1421067917791
1421067917793
1421067917794
1421067917795
1421067917798
1421067917799
1421067917802
1421067917808
1421067917809
1421067917810
1421067917813
1421067917824
1421067917826
1421067917831
1421067917832
1421067917835
1421067917836
1421067917837
1421067917844
1421067917846
1421067917849
1421067917851
1421067917852
1421067917853
1421067917855
1421067917862
1421067917867
1421067917868
1421067917870
1421067917871
1421067917874
1421067917875
1421067917877
1421067917878
1421067917879
1421067917880
1421067917884
1421067917888
1421067917894
1421067917895
1421067917898
1421067917899
1421067917902
1421067917903
1421067917908
1421067917910
1421067917914
1421067917915
1421067917918
1421067917919
1421067917920
1421067917922
1421067917924
1421067917927
1421067917929
1421067917930
1421067917931
1421067917932
1421067917933
1421067917935
1421067917936
1421067917941
1421067917942
1421067917944
1421067917947
1421067917950
1421067917955
1421067917958
1421067917960
1421067917961
1421067917962
1421067917965
1421067917966
1421067917971
1421067917972
1421067917976
1421067917977
1421067917983
1421067917984
1421067917987
1421067917988
1421067917993
1421067917994
1421067917995
1421067917998
1421067918007
1421067918008
1421067918010
1421067918014
1421067918019
1421067918020
1421067918022
1421067918023
1421067918026
1421067918029
1421067917776
1421067917780
1421067917782
1421067917783
1421067917786
1421067917787
1421067917788
1421067917791
1421067917792
1421067917793
1421067917794
1421067917797
1421067917798
1421067917802
1421067917803
1421067917806
1421067917808
1421067917809
1421067917810
1421067917813
1421067917819
1421067917824
1421067917825
1421067917828
1421067917831
1421067917832
1421067917835
1421067917845
1421067917846
1421067917852
1421067917853
1421067917863
1421067917864
1421067917867
1421067917868
1421067917871
1421067917875
1421067917878
1421067917879
1421067917884
1421067917887
1421067917888
1421067917894
1421067917895
1421067917898
1421067917899
1421067917902
1421067917907
1421067917908
1421067917913
1421067917914
1421067917915
1421067917918
1421067917919
1421067917920
1421067917921
1421067917924
1421067917925
1421067917926
1421067917929
1421067917930
1421067917931
1421067917932
1421067917935
1421067917936
1421067917942
1421067917946
1421067917947
1421067917950
1421067917955
1421067917958
1421067917962
1421067917966
1421067917969
1421067917972
1421067917977
1421067917983
1421067917984
1421067917987
1421067917988
1421067917993
1421067917994
1421067917995
1421067917998
1421067918007
1421067918010
1421067918014
1421067918015
1421067918019
1421067918020
1421067918023
1421067918025
1421067918026
1421067918029
1421067918031
1421067918034
1421067918037
1421067918042
1421067918043
1421067918045
1421067918047
1421067917777
1421067917790
1421067917796
1421067917801
1421067917811
1421067917812
1421067917822
1421067917829
1421067917830
1421067917834
1421067917838
1421067917843
1421067917847
1421067917850
1421067917872
1421067917876
1421067917882
1421067917885
1421067917886
1421067917889
1421067917890
1421067917892
1421067917893
1421067917896
1421067917897
1421067917906
1421067917909
1421067917911
1421067917912
1421067917916
1421067917917
1421067917923
1421067917928
1421067917934
1421067917937
1421067917938
1421067917939
1421067917940
1421067917956
1421067917959
1421067917964
1421067917967
1421067917968
1421067917970
1421067917974
1421067917975
1421067917978
1421067917980
1421067917981
1421067917985
1421067917986
1421067917990
1421067917995
1421067918007
1421067918008
1421067918014
1421067918019
1421067918025
1421067918029
1421067918036
1421067918042
1421067918043
1421067918047
1421067918048
1421067918050
1421067918054
1421067918058
1421067918064
1421067918069
1421067918071
1421067918072
1421067918079
1421067918082
1421067918087
1421067918090
1421067918095
1421067918098
1421067918102
1421067918112
1421067918116
1421067918122
1421067918123
1421067918127
1421067918134
1421067918137
1421067918145
1421067918151
1421067918156
1421067918159
1421067918166
1421067918167
1421067918177
1421067918178
1421067918182
1421067918187
1421067918191
1421067918194
1421067918196
1421067918199
1421067918203
1421067918207
1421067917992
1421067917993
1421067917994
1421067917996
1421067917997
1421067917998
1421067917999
1421067918000
1421067918002
1421067918009
1421067918012
1421067918013
1421067918015
1421067918016
1421067918020
1421067918021
1421067918022
1421067918023
1421067918024
1421067918026
1421067918027
1421067918031
1421067918034
1421067918035
1421067918038
1421067918041
1421067918044
1421067918046
1421067918049
1421067918053
1421067918055
1421067918056
1421067918057
1421067918061
1421067918062
1421067918063
1421067918066
1421067918067
1421067918068
1421067918070
1421067918073
1421067918074
1421067918075
1421067918077
1421067918078
1421067918080
1421067918083
1421067918086
1421067918089
1421067918092
1421067918099
1421067918100
1421067918101
1421067918105
1421067918108
1421067918110
1421067918113
1421067918114
1421067918115
1421067918118
1421067918126
1421067918130
1421067918131
1421067918132
1421067918135
1421067918139
1421067918144
1421067918150
1421067918154
1421067918155
1421067918157
1421067918158
1421067918163
1421067918164
1421067918168
1421067918169
1421067918170
1421067918174
1421067918175
1421067918176
1421067918179
1421067918180
1421067918181
1421067918188
1421067918189
1421067918190
1421067918192
1421067918193
1421067918195
1421067918198
1421067918202
1421067918208
1421067918209
1421067918210
1421067918211
1421067918212
1421067918213
1421067918215
1421067918216
1421067918219
1421067918220
1421067917774
1421067917777
1421067917778
1421067917779
1421067917785
1421067917789
1421067917790
1421067917805
1421067917807
1421067917811
1421067917812
1421067917818
1421067917822
1421067917823
1421067917827
1421067917829
1421067917830
1421067917833
1421067917834
1421067917838
1421067917843
1421067917847
1421067917848
1421067917850
1421067917858
1421067917869
1421067917876
1421067917882
1421067917889
1421067917890
1421067917891
1421067917892
1421067917893
1421067917896
1421067917897
1421067917900
1421067917901
1421067917906
1421067917916
1421067917917
1421067917928
1421067917934
1421067917937
1421067917938
1421067917939
1421067917940
1421067917948
1421067917949
1421067917951
1421067917956
1421067917959
1421067917967
1421067917970
1421067917974
1421067917975
1421067917978
1421067917979
1421067917980
1421067917981
1421067917982
1421067917985
1421067917986
1421067917991
1421067917992
1421067917996
1421067917997
1421067918000
1421067918002
1421067918003
1421067918011
1421067918012
1421067918021
1421067918024
1421067918027
1421067918030
1421067918043
1421067918054
1421067918071
1421067918076
1421067918082
1421067918087
1421067918093
1421067918095
1421067918119
1421067918123
1421067918127
1421067918140
1421067918145
1421067918159
1421067918166
1421067918177
1421067918207
1421067918229
1421067918230
1421067918235
1421067918238
1421067918257
1421067918261
1421067918263
1421067918268
1421067918274
1421067918031
1421067918034
1421067918035
1421067918037
1421067918038
1421067918041
1421067918042
1421067918045
1421067918046
1421067918049
1421067918050
1421067918053
1421067918056
1421067918058
1421067918059
1421067918064
1421067918067
1421067918070
1421067918072
1421067918073
1421067918074
1421067918077
1421067918078
1421067918079
1421067918086
1421067918088
1421067918089
1421067918090
1421067918092
1421067918099
1421067918100
1421067918102
1421067918105
1421067918107
1421067918109
1421067918111
1421067918113
1421067918116
1421067918117
1421067918118
1421067918128
1421067918131
1421067918132
1421067918133
1421067918135
1421067918137
1421067918138
1421067918139
1421067918142
1421067918143
1421067918146
1421067918149
1421067918151
1421067918156
1421067918157
1421067918158
1421067918160
1421067918164
1421067918165
1421067918167
1421067918168
1421067918175
1421067918176
1421067918178
1421067918181
1421067918182
1421067918187
1421067918189
1421067918196
1421067918197
1421067918198
1421067918201
1421067918202
1421067918203
1421067918205
1421067918206
1421067918208
1421067918212
1421067918214
1421067918216
1421067918217
1421067918219
1421067918220
1421067918227
1421067918228
1421067918232
1421067918233
1421067918236
1421067918237
1421067918239
1421067918241
1421067918255
1421067918258
1421067918259
1421067918260
1421067918265
1421067918266
1421067918269
1421067918270
1421067918272
1421067918276
1421067917773
1421067917774
1421067917784
1421067917785
1421067917789
1421067917790
1421067917795
1421067917807
1421067917811
1421067917812
1421067917818
1421067917827
1421067917830
1421067917833
1421067917834
1421067917837
1421067917838
1421067917843
1421067917844
1421067917847
1421067917850
1421067917851
1421067917855
1421067917858
1421067917859
1421067917865
1421067917866
1421067917869
1421067917876
1421067917880
1421067917882
1421067917885
1421067917886
1421067917889
1421067917890
1421067917891
1421067917896
1421067917897
1421067917900
1421067917906
1421067917909
1421067917911
1421067917912
1421067917916
1421067917917
1421067917923
1421067917927
1421067917928
1421067917933
1421067917937
1421067917938
1421067917939
1421067917940
1421067917941
1421067917945
1421067917951
1421067917963
1421067917964
1421067917968
1421067917970
1421067917971
1421067917975
1421067917978
1421067917980
1421067917981
1421067917982
1421067917985
1421067917986
1421067917990
1421067917991
1421067917992
1421067917996
1421067917997
1421067918001
1421067918009
1421067918011
1421067918012
1421067918013
1421067918016
1421067918021
1421067918022
1421067918024
1421067918027
1421067918035
1421067918039
1421067918040
1421067918041
1421067918044
1421067918071
1421067918095
1421067918159
1421067918177
1421067918194
1421067918199
1421067918229
1421067918230
1421067918235
1421067918257
1421067918268
1421067918307
1421067918311
1421067918048
1421067918049
1421067918050
1421067918052
1421067918053
1421067918054
1421067918056
1421067918058
1421067918062
1421067918066
1421067918067
1421067918069
1421067918072
1421067918073
1421067918078
1421067918079
1421067918087
1421067918089
1421067918090
1421067918092
1421067918099
1421067918100
1421067918101
1421067918102
1421067918105
1421067918109
1421067918110
1421067918111
1421067918112
1421067918113
1421067918114
1421067918117
1421067918123
1421067918124
1421067918127
1421067918128
1421067918132
1421067918133
1421067918134
1421067918137
1421067918138
1421067918139
1421067918143
1421067918145
1421067918146
1421067918156
1421067918164
1421067918165
1421067918167
1421067918168
1421067918175
1421067918176
1421067918178
1421067918181
1421067918182
1421067918187
1421067918190
1421067918196
1421067918203
1421067918207
1421067918208
1421067918213
1421067918214
1421067918216
1421067918217
1421067918227
1421067918228
1421067918232
1421067918233
1421067918236
1421067918238
1421067918239
1421067918241
1421067918243
1421067918255
1421067918260
1421067918261
1421067918263
1421067918266
1421067918269
1421067918270
1421067918271
1421067918272
1421067918274
1421067918276
1421067918292
1421067918293
1421067918296
1421067918298
1421067918302
1421067918303
1421067918304
1421067918308
1421067918309
1421067918310
1421067918313
1421067918314
1421067918315
1421067918317
1421067918342
1421067918343
1421067917991
1421067918011
1421067918032
1421067918051
1421067918060
1421067918065
1421067918091
1421067918136
1421067918147
1421067918218
1421067918224
1421067918225
1421067918230
1421067918233
1421067918235
1421067918236
1421067918238
1421067918239
1421067918241
1421067918255
1421067918257
1421067918260
1421067918261
1421067918263
1421067918266
1421067918268
1421067918269
1421067918270
1421067918271
1421067918272
1421067918274
1421067918276
1421067918278
1421067918293
1421067918296
1421067918298
1421067918300
1421067918303
1421067918304
1421067918307
1421067918308
1421067918309
1421067918310
1421067918311
1421067918313
1421067918314
1421067918315
1421067918317
1421067918342
1421067918343
1421067918344
1421067918356
1421067918359
1421067918361
1421067918362
1421067918364
1421067918365
1421067918366
1421067918367
1421067918372
1421067918375
1421067918376
1421067918377
1421067918378
1421067918380
1421067918383
1421067918384
1421067918387
1421067918388
1421067918389
1421067918390
1421067918391
1421067918393
1421067918394
1421067918395
1421067918397
1421067918398
1421067918399
1421067918400
1421067918406
1421067918407
1421067918410
1421067918411
1421067918414
1421067918415
1421067918416
1421067918418
1421067918419
1421067918420
1421067918421
1421067918422
1421067918446
1421067918447
1421067918448
1421067918450
1421067918452
1421067918454
1421067918457
1421067918458
1421067918459
1421067918460
1421067918032
1421067918039
1421067918040
1421067918051
1421067918055
1421067918057
1421067918060
1421067918061
1421067918065
1421067918068
1421067918075
1421067918080
1421067918091
1421067918094
1421067918126
1421067918130
1421067918144
1421067918147
1421067918150
1421067918155
1421067918174
1421067918188
1421067918193
1421067918195
1421067918204
1421067918209
1421067918210
1421067918215
1421067918218
1421067918221
1421067918222
1421067918231
1421067918234
1421067918240
1421067918242
1421067918256
1421067918262
1421067918264
1421067918267
1421067918273
1421067918275
1421067918293
1421067918294
1421067918300
1421067918303
1421067918304
1421067918307
1421067918310
1421067918311
1421067918315
1421067918343
1421067918344
1421067918358
1421067918362
1421067918364
1421067918373
1421067918375
1421067918376
1421067918377
1421067918383
1421067918384
1421067918386
1421067918387
1421067918390
1421067918391
1421067918395
1421067918397
1421067918398
1421067918407
1421067918408
1421067918410
1421067918414
1421067918415
1421067918418
1421067918419
1421067918421
1421067918446
1421067918447
1421067918450
1421067918457
1421067918458
1421067918461
1421067918482
1421067918487
1421067918493
1421067918498
1421067918503
1421067918506
1421067918511
1421067918534
1421067918538
1421067918540
1421067918541
1421067918542
1421067918544
1421067918545
1421067918548
1421067918549
1421067918550
1421067918551
1421067918552
1421067918057
1421067918060
1421067918061
1421067918068
1421067918070
1421067918074
1421067918075
1421067918080
1421067918081
1421067918083
1421067918086
1421067918094
1421067918103
1421067918107
1421067918118
1421067918126
1421067918136
1421067918147
1421067918150
1421067918155
1421067918163
1421067918169
1421067918174
1421067918180
1421067918183
1421067918188
1421067918193
1421067918198
1421067918210
1421067918211
1421067918212
1421067918215
1421067918218
1421067918219
1421067918220
1421067918221
1421067918222
1421067918223
1421067918231
1421067918234
1421067918237
1421067918240
1421067918242
1421067918256
1421067918258
1421067918259
1421067918262
1421067918264
1421067918265
1421067918267
1421067918273
1421067918275
1421067918277
1421067918291
1421067918295
1421067918297
1421067918299
1421067918301
1421067918305
1421067918306
1421067918312
1421067918316
1421067918362
1421067918373
1421067918387
1421067918391
1421067918395
1421067918397
1421067918408
1421067918414
1421067918419
1421067918446
1421067918457
1421067918461
1421067918482
1421067918487
1421067918503
1421067918541
1421067918548
1421067918558
1421067918562
1421067918563
1421067918584
1421067918594
1421067918629
1421067918631
1421067918634
1421067918642
1421067918645
1421067918653
1421067918656
1421067918664
1421067918681
1421067918692
1421067918701
1421067918708
1421067918709
1421067918712
1421067918719
1421067918721
1421067918723
1421067918344
1421067918356
1421067918361
1421067918367
1421067918372
1421067918375
1421067918377
1421067918380
1421067918383
1421067918386
1421067918388
1421067918394
1421067918398
1421067918399
1421067918400
1421067918407
1421067918410
1421067918411
1421067918415
1421067918416
1421067918418
1421067918421
1421067918447
1421067918458
1421067918460
1421067918490
1421067918502
1421067918506
1421067918507
1421067918511
1421067918512
1421067918513
1421067918533
1421067918540
1421067918542
1421067918544
1421067918545
1421067918546
1421067918549
1421067918550
1421067918552
1421067918553
1421067918555
1421067918556
1421067918564
1421067918575
1421067918576
1421067918577
1421067918583
1421067918585
1421067918586
1421067918588
1421067918590
1421067918591
1421067918592
1421067918595
1421067918622
1421067918627
1421067918636
1421067918638
1421067918639
1421067918640
1421067918643
1421067918646
1421067918647
1421067918648
1421067918649
1421067918654
1421067918657
1421067918659
1421067918661
1421067918665
1421067918667
1421067918668
1421067918670
1421067918675
1421067918676
1421067918677
1421067918679
1421067918680
1421067918683
1421067918686
1421067918687
1421067918688
1421067918689
1421067918691
1421067918695
1421067918697
1421067918704
1421067918705
1421067918706
1421067918710
1421067918715
1421067918716
1421067918720
1421067918726
1421067918727
1421067918730
1421067918731
1421067918733
1421067918734
1421067918734
1421067918736
1421067918737
1421067918738
1421067918739
1421067918740
1421067918741
1421067918743
1421067918745
1421067918747
1421067918748
1421067918749
1421067918750
1421067918751
1421067918752
1421067918753
1421067918754
1421067918755
1421067918757
1421067918760
1421067918761
1421067918762
1421067918763
1421067918764
1421067918767
1421067918768
1421067918769
1421067918770
1421067918771
1421067918772
1421067918773
1421067918774
1421067918776
1421067918777
1421067918778
1421067918780
1421067918781
1421067918782
1421067918783
1421067918784
1421067918785
1421067918786
1421067918787
1421067918788
1421067918789
1421067918793
1421067918794
1421067918795
1421067918796
1421067918798
1421067918799
1421067918800
1421067918802
1421067918803
1421067918804
1421067918805
1421067918807
1421067918809
1421067918810
1421067918812
1421067918813
1421067918814
1421067918816
1421067918817
1421067918818
1421067918820
1421067918821
1421067918823
1421067918824
1421067918825
1421067918827
1421067918828
1421067918829
1421067918830
1421067918834
1421067918835
1421067918836
1421067918837
1421067918838
1421067918839
1421067918841
1421067918842
1421067918843
1421067918844
1421067918845
1421067918846
1421067918847
1421067918848
1421067918849
1421067918850
1421067918851
1421067918852
1421067918853
1421067918854
1421067918855
1421067918857
1421067918858
1421067918860
1421067918861
1421067918864
1421067918865
1421067918553
1421067918554
1421067918555
1421067918556
1421067918557
1421067918558
1421067918559
1421067918560
1421067918561
1421067918562
1421067918563
1421067918564
1421067918565
1421067918574
1421067918575
1421067918576
1421067918577
1421067918578
1421067918580
1421067918582
1421067918583
1421067918584
1421067918585
1421067918586
1421067918587
1421067918588
1421067918589
1421067918590
1421067918591
1421067918592
1421067918593
1421067918594
1421067918595
1421067918620
1421067918621
1421067918622
1421067918623
1421067918624
1421067918625
1421067918626
1421067918627
1421067918628
1421067918629
1421067918630
1421067918631
1421067918632
1421067918633
1421067918634
1421067918635
1421067918636
1421067918637
1421067918639
1421067918640
1421067918641
1421067918642
1421067918643
1421067918644
1421067918645
1421067918646
1421067918647
1421067918648
1421067918649
1421067918650
1421067918651
1421067918652
1421067918653
1421067918654
1421067918655
1421067918656
1421067918657
1421067918659
1421067918661
1421067918662
1421067918663
1421067918664
1421067918665
1421067918666
1421067918667
1421067918668
1421067918669
1421067918670
1421067918671
1421067918672
1421067918673
1421067918675
1421067918676
1421067918677
1421067918678
1421067918679
1421067918680
1421067918681
1421067918682
1421067918683
1421067918684
1421067918686
1421067918687
1421067918688
1421067918689
1421067918690
1421067918691
1421067918692
1421067918462
1421067918463
1421067918464
1421067918481
1421067918482
1421067918483
1421067918484
1421067918485
1421067918486
1421067918487
1421067918488
1421067918489
1421067918490
1421067918491
1421067918495
1421067918496
1421067918498
1421067918499
1421067918500
1421067918501
1421067918502
1421067918503
1421067918504
1421067918505
1421067918506
1421067918507
1421067918509
1421067918510
1421067918511
1421067918512
1421067918513
1421067918533
1421067918538
1421067918540
1421067918541
1421067918542
1421067918543
1421067918544
1421067918545
1421067918546
1421067918547
1421067918548
1421067918550
1421067918551
1421067918552
1421067918553
1421067918554
1421067918555
1421067918556
1421067918557
1421067918558
1421067918559
1421067918561
1421067918563
1421067918574
1421067918575
1421067918576
1421067918577
1421067918580
1421067918582
1421067918583
1421067918584
1421067918585
1421067918586
1421067918587
1421067918588
1421067918589
1421067918590
1421067918591
1421067918592
1421067918593
1421067918594
1421067918595
1421067918621
1421067918622
1421067918623
1421067918624
1421067918625
1421067918626
1421067918627
1421067918628
1421067918630
1421067918632
1421067918633
1421067918634
1421067918635
1421067918638
1421067918639
1421067918640
1421067918641
1421067918642
1421067918643
1421067918644
1421067918645
1421067918646
1421067918647
1421067918652
1421067918653
1421067918654
1421067918655
1421067918656
1421067918492
1421067918497
1421067918535
1421067918539
1421067918581
1421067918620
1421067918735
1421067918746
1421067918756
1421067918759
1421067918775
1421067918790
1421067918797
1421067918801
1421067918811
1421067918815
1421067918819
1421067918822
1421067918826
1421067918833
1421067918840
1421067918856
1421067918862
1421067918863
1421067917762
1421067918581
1421067918658
1421067918660
1421067918674
1421067918685
