1421067980914
1421067980915
1421067980917
1421067980918
1421067980919
1421067980921
1421067980922
1421067980923
1421067980925
1421067980926
1421067980928
1421067980929
1421067980932
1421067980933
1421067980936
1421067980937
1421067980940
1421067980943
1421067980944
1421067980945
1421067980947
1421067980948
1421067980950
1421067980951
1421067980952
1421067980954
1421067980955
1421067980958
1421067980959
1421067980961
1421067980962
1421067980963
1421067980965
1421067980966
1421067980968
1421067980969
1421067980970
1421067980971
1421067980972
1421067980975
1421067980976
1421067980980
1421067980981
1421067980982
1421067980983
1421067980986
1421067980987
1421067980990
1421067980995
1421067980996
1421067980998
1421067980999
1421067981000
1421067981003
1421067981004
1421067981005
1421067981006
1421067981008
1421067981011
1421067981012
1421067981014
1421067981016
1421067981017
1421067981019
1421067981020
1421067981022
1421067981023
1421067981025
1421067981027
1421067981028
1421067981030
1421067981033
1421067981034
1421067981036
1421067981038
1421067981039
1421067981040
1421067981041
1421067981042
1421067981044
1421067981045
1421067981049
1421067981050
1421067981053
1421067981054
1421067981056
1421067981057
1421067981059
1421067981060
1421067981061
1421067981064
1421067981065
1421067981067
1421067981068
1421067981069
1421067981071
1421067981072
1421067981075
1421067981076
1421067981078
1421067981079
1421067980913
1421067980916
1421067980920
1421067980924
1421067980927
1421067980930
1421067980931
1421067980934
1421067980935
1421067980938
1421067980939
1421067980941
1421067980942
1421067980946
1421067980949
1421067980953
1421067980956
1421067980957
1421067980960
1421067980964
1421067980967
1421067980973
1421067980974
1421067980977
1421067980978
1421067980979
1421067980984
1421067980985
1421067980988
1421067980989
1421067980991
1421067980992
1421067980993
1421067980994
1421067980997
1421067981001
1421067981002
1421067981007
1421067981009
1421067981010
1421067981013
1421067981015
1421067981018
1421067981021
1421067981024
1421067981026
1421067981029
1421067981031
1421067981032
1421067981035
1421067981037
1421067981043
1421067981046
1421067981047
1421067981048
1421067981051
1421067981052
1421067981055
1421067981058
1421067981062
1421067981063
1421067981066
1421067981070
1421067981073
1421067981074
1421067981077
1421067981079
1421067981082
1421067981083
1421067981086
1421067981087
1421067981090
1421067981093
1421067981094
1421067981097
1421067981098
1421067981100
1421067981101
1421067981103
1421067981107
1421067981109
1421067981111
1421067981112
1421067981114
1421067981117
1421067981118
1421067981123
1421067981125
1421067981128
1421067981129
1421067981130
1421067981131
1421067981134
1421067981136
1421067981139
1421067981141
1421067981142
1421067981145
1421067981147
1421067981152
1421067981153
1421067980912
1421067980914
1421067981080
1421067981081
1421067981084
1421067981085
1421067981088
1421067981089
1421067981091
1421067981092
1421067981095
1421067981096
1421067981099
1421067981102
1421067981104
1421067981105
1421067981106
1421067981108
1421067981110
1421067981113
1421067981115
1421067981116
1421067981119
1421067981120
1421067981121
1421067981122
1421067981124
1421067981126
1421067981127
1421067981132
1421067981133
1421067981135
1421067981137
1421067981138
1421067981140
1421067981143
1421067981144
1421067981146
1421067981148
1421067981149
1421067981150
1421067981151
1421067981154
