1421067879658
1421067879661
1421067879665
1421067879669
1421067879672
1421067879673
1421067879674
1421067879675
1421067879676
1421067879677
1421067879678
1421067879681
1421067879682
1421067879683
1421067879685
1421067879686
1421067879687
1421067879688
1421067879693
1421067879694
1421067879697
1421067879698
1421067879700
1421067879704
1421067879706
1421067879709
1421067879710
1421067879712
1421067879713
1421067879714
1421067879735
1421067879736
1421067879745
1421067879746
1421067879747
1421067879748
1421067879749
1421067879750
1421067879751
1421067879752
1421067879753
1421067879754
1421067879755
1421067879756
1421067879757
1421067879768
1421067879769
1421067879770
1421067879771
1421067879773
1421067879774
1421067879775
1421067879781
1421067879782
1421067879783
1421067879787
1421067879788
1421067879789
1421067879790
1421067879797
1421067879798
1421067879799
1421067879800
1421067879804
1421067879805
1421067879806
1421067879807
1421067879808
1421067879809
1421067879811
1421067879812
1421067879813
1421067879814
1421067879815
1421067879818
1421067879819
1421067879820
1421067879837
1421067879838
1421067879839
1421067879840
1421067879847
1421067879848
1421067879849
1421067879850
1421067879857
1421067879861
1421067879862
1421067879863
1421067879864
1421067879865
1421067879866
1421067879868
1421067879869
1421067879870
1421067879872
1421067879873
1421067879977
1421067879979
1421067879980
1421067879982
1421067879658
1421067879662
1421067879665
1421067879671
1421067879672
1421067879674
1421067879681
1421067879695
1421067879700
1421067879706
1421067879707
1421067879708
1421067879709
1421067879710
1421067879714
1421067879716
1421067879720
1421067879721
1421067879722
1421067879723
1421067879724
1421067879725
1421067879726
1421067879727
1421067879728
1421067879730
1421067879732
1421067879744
1421067879746
1421067879751
1421067879752
1421067879758
1421067879759
1421067879766
1421067879767
1421067879768
1421067879769
1421067879770
1421067879774
1421067879775
1421067879777
1421067879778
1421067879779
1421067879780
1421067879781
1421067879790
1421067879791
1421067879797
1421067879798
1421067879799
1421067879800
1421067879801
1421067879802
1421067879814
1421067879818
1421067879819
1421067879820
1421067879821
1421067879823
1421067879833
1421067879838
1421067879840
1421067879841
1421067879842
1421067879844
1421067879846
1421067879847
1421067879848
1421067879849
1421067879853
1421067879855
1421067879856
1421067879857
1421067879858
1421067879860
1421067879861
1421067879862
1421067879864
1421067879865
1421067879866
1421067880036
1421067880037
1421067880039
1421067880040
1421067880041
1421067880043
1421067880044
1421067880045
1421067880046
1421067880047
1421067880048
1421067880050
1421067880051
1421067880052
1421067880054
1421067880055
1421067880056
1421067880057
1421067880058
1421067880059
1421067880060
1421067879665
1421067879677
1421067879680
1421067879692
1421067879695
1421067879699
1421067879701
1421067879702
1421067879703
1421067879704
1421067879708
1421067879714
1421067879716
1421067879717
1421067879718
1421067879719
1421067879720
1421067879722
1421067879723
1421067879724
1421067879727
1421067879728
1421067879729
1421067879730
1421067879731
1421067879732
1421067879745
1421067879747
1421067879748
1421067879752
1421067879754
1421067879755
1421067879758
1421067879759
1421067879774
1421067879775
1421067879779
1421067879780
1421067879781
1421067879782
1421067879783
1421067879784
1421067879785
1421067879793
1421067879796
1421067879798
1421067879799
1421067879805
1421067879806
1421067879807
1421067879808
1421067879814
1421067879822
1421067879823
1421067879824
1421067879826
1421067879827
1421067879832
1421067879833
1421067879834
1421067879835
1421067879836
1421067879838
1421067879841
1421067879842
1421067879844
1421067879845
1421067879850
1421067879855
1421067879858
1421067879859
1421067879861
1421067879862
1421067879863
1421067879864
1421067879954
1421067879986
1421067879987
1421067880049
1421067880050
1421067880051
1421067880053
1421067880054
1421067880055
1421067880056
1421067880057
1421067880058
1421067880059
1421067880060
1421067880061
1421067880062
1421067880063
1421067880064
1421067880065
1421067880066
1421067880067
1421067880068
1421067880069
1421067880070
1421067880071
1421067880073
1421067879879
1421067879880
1421067879881
1421067879887
1421067879888
1421067879889
1421067879890
1421067879928
1421067879936
1421067879937
1421067879938
1421067879939
1421067879941
1421067879942
1421067879944
1421067879945
1421067879952
1421067879953
1421067879954
1421067879955
1421067879966
1421067879967
1421067879968
1421067879969
1421067879970
1421067879971
1421067879972
1421067879973
1421067879974
1421067879978
1421067879981
1421067879987
1421067879988
1421067879989
1421067879990
1421067879991
1421067879998
1421067879999
1421067880000
1421067880001
1421067880002
1421067880003
1421067880004
1421067880005
1421067880006
1421067880007
1421067880008
1421067880009
1421067880012
1421067880013
1421067880020
1421067880021
1421067880022
1421067880023
1421067880024
1421067880025
1421067880026
1421067880027
1421067880028
1421067880029
1421067880034
1421067880035
1421067880050
1421067880052
1421067880053
1421067880054
1421067880055
1421067880056
1421067880057
1421067880058
1421067880059
1421067880061
1421067880062
1421067880063
1421067880064
1421067880066
1421067880067
1421067880068
1421067880069
1421067880070
1421067880073
1421067880074
1421067880077
1421067880078
1421067880080
1421067880081
1421067880082
1421067880099
1421067880100
1421067880101
1421067880102
1421067880103
1421067880104
1421067880105
1421067880159
1421067880160
1421067880164
1421067880166
1421067880167
1421067880168
1421067880169
1421067880030
1421067880031
1421067880032
1421067880033
1421067880036
1421067880037
1421067880039
1421067880041
1421067880045
1421067880046
1421067880083
1421067880084
1421067880086
1421067880087
1421067880094
1421067880096
1421067880097
1421067880098
1421067880106
1421067880107
1421067880108
1421067880112
1421067880116
1421067880120
1421067880121
1421067880122
1421067880123
1421067880124
1421067880125
1421067880127
1421067880128
1421067880129
1421067880130
1421067880132
1421067880139
1421067880143
1421067880144
1421067880146
1421067880147
1421067880148
1421067880169
1421067880170
1421067880171
1421067880173
1421067880174
1421067880183
1421067880184
1421067880185
1421067880198
1421067880202
1421067880203
1421067880204
1421067880205
1421067880208
1421067880209
1421067880210
1421067880211
1421067880212
1421067880213
1421067880214
1421067880215
1421067880216
1421067880217
1421067880218
1421067880219
1421067880220
1421067880221
1421067880225
1421067880226
1421067880237
1421067880238
1421067880239
1421067880240
1421067880241
1421067880242
1421067880243
1421067880268
1421067880269
1421067880270
1421067880275
1421067880276
1421067880278
1421067880279
1421067880281
1421067880282
1421067880283
1421067880302
1421067880303
1421067880304
1421067880308
1421067880310
1421067880311
1421067880312
1421067880313
1421067880315
1421067880317
1421067880356
1421067880361
1421067880365
1421067880366
1421067880368
1421067879946
1421067879950
1421067879952
1421067879953
1421067879955
1421067879956
1421067879957
1421067879958
1421067879959
1421067879963
1421067879964
1421067879966
1421067879967
1421067879968
1421067879969
1421067879970
1421067879972
1421067879973
1421067879974
1421067879975
1421067879982
1421067879983
1421067879984
1421067879988
1421067879989
1421067879990
1421067879991
1421067879992
1421067879993
1421067879995
1421067879997
1421067879998
1421067880000
1421067880003
1421067880004
1421067880006
1421067880007
1421067880008
1421067880010
1421067880011
1421067880012
1421067880013
1421067880014
1421067880015
1421067880016
1421067880018
1421067880019
1421067880022
1421067880023
1421067880024
1421067880026
1421067880027
1421067880028
1421067880029
1421067880030
1421067880031
1421067880032
1421067880033
1421067880034
1421067880035
1421067880036
1421067880038
1421067880039
1421067880040
1421067880042
1421067880043
1421067880044
1421067880045
1421067880046
1421067880047
1421067880074
1421067880075
1421067880076
1421067880077
1421067880078
1421067880083
1421067880084
1421067880085
1421067880086
1421067880087
1421067880088
1421067880089
1421067880090
1421067880091
1421067880092
1421067880093
1421067880094
1421067880097
1421067880098
1421067880100
1421067880102
1421067880103
1421067880106
1421067880107
1421067880108
1421067880109
1421067880110
1421067880121
1421067880123
1421067880132
1421067880134
1421067879893
1421067879906
1421067879907
1421067879908
1421067879909
1421067879910
1421067879911
1421067879914
1421067879918
1421067879955
1421067879956
1421067879957
1421067879958
1421067879959
1421067879964
1421067879965
1421067880040
1421067880044
1421067880047
1421067880048
1421067880149
1421067880150
1421067880151
1421067880152
1421067880153
1421067880186
1421067880257
1421067880258
1421067880259
1421067880260
1421067880261
1421067880262
1421067880263
1421067880264
1421067880265
1421067880266
1421067880267
1421067880268
1421067880317
1421067880318
1421067880319
1421067880320
1421067880321
1421067880322
1421067880323
1421067880324
1421067880332
1421067880333
1421067880335
1421067880336
1421067880337
1421067880338
1421067880341
1421067880344
1421067880354
1421067880355
1421067880360
1421067880364
1421067880368
1421067880369
1421067880370
1421067880371
1421067880372
1421067880373
1421067880374
1421067880375
1421067880377
1421067880378
1421067880379
1421067880381
1421067880382
1421067880383
1421067880384
1421067880385
1421067880386
1421067880387
1421067880412
1421067880413
1421067880414
1421067880415
1421067880416
1421067880417
1421067880418
1421067880419
1421067880421
1421067880426
1421067880427
1421067880428
1421067880449
1421067880450
1421067880451
1421067880452
1421067880454
1421067880455
1421067880460
1421067880463
1421067880465
1421067880466
1421067880468
1421067880469
1421067880470
1421067879939
1421067879940
1421067879943
1421067879945
1421067879947
1421067879948
1421067879949
1421067879950
1421067879954
1421067879955
1421067879956
1421067879957
1421067879958
1421067879959
1421067879962
1421067879963
1421067879964
1421067879965
1421067879966
1421067879967
1421067879968
1421067879969
1421067879970
1421067879971
1421067879974
1421067879975
1421067879976
1421067879977
1421067879984
1421067879985
1421067879989
1421067879990
1421067879993
1421067879994
1421067879998
1421067880004
1421067880010
1421067880015
1421067880019
1421067880024
1421067880035
1421067880038
1421067880042
1421067880049
1421067880053
1421067880062
1421067880063
1421067880064
1421067880065
1421067880066
1421067880067
1421067880069
1421067880070
1421067880073
1421067880074
1421067880075
1421067880076
1421067880077
1421067880078
1421067880083
1421067880084
1421067880086
1421067880087
1421067880088
1421067880089
1421067880090
1421067880091
1421067880092
1421067880093
1421067880094
1421067880097
1421067880098
1421067880099
1421067880100
1421067880101
1421067880103
1421067880104
1421067880106
1421067880107
1421067880108
1421067880109
1421067880111
1421067880112
1421067880113
1421067880116
1421067880117
1421067880118
1421067880119
1421067880120
1421067880121
1421067880122
1421067880123
1421067880125
1421067880126
1421067880127
1421067880128
1421067880129
1421067880130
1421067880132
1421067880133
1421067880134
1421067879982
1421067879983
1421067879984
1421067879985
1421067879986
1421067880154
1421067880155
1421067880156
1421067880157
1421067880158
1421067880187
1421067880188
1421067880189
1421067880190
1421067880191
1421067880192
1421067880196
1421067880197
1421067880226
1421067880227
1421067880228
1421067880229
1421067880230
1421067880231
1421067880244
1421067880245
1421067880246
1421067880247
1421067880248
1421067880249
1421067880250
1421067880283
1421067880284
1421067880285
1421067880286
1421067880287
1421067880288
1421067880289
1421067880290
1421067880291
1421067880292
1421067880297
1421067880298
1421067880300
1421067880301
1421067880302
1421067880387
1421067880388
1421067880389
1421067880390
1421067880391
1421067880400
1421067880401
1421067880402
1421067880403
1421067880404
1421067880406
1421067880407
1421067880408
1421067880409
1421067880410
1421067880411
1421067880429
1421067880431
1421067880432
1421067880433
1421067880434
1421067880435
1421067880437
1421067880438
1421067880439
1421067880441
1421067880446
1421067880447
1421067880448
1421067880474
1421067880482
1421067880497
1421067880498
1421067880499
1421067880500
1421067880502
1421067880504
1421067880505
1421067880508
1421067880513
1421067880517
1421067880518
1421067880519
1421067880520
1421067880557
1421067880558
1421067880559
1421067880560
1421067880561
1421067880563
1421067880564
1421067880566
1421067880568
1421067880569
1421067880570
1421067879867
1421067879868
1421067879869
1421067879877
1421067879878
1421067879879
1421067879884
1421067879885
1421067879886
1421067879891
1421067879898
1421067879902
1421067879903
1421067879906
1421067879908
1421067879909
1421067879910
1421067879913
1421067879916
1421067879917
1421067879920
1421067879922
1421067879924
1421067879928
1421067879929
1421067879930
1421067879931
1421067879933
1421067879934
1421067879935
1421067879936
1421067879937
1421067879938
1421067879995
1421067879996
1421067879997
1421067880000
1421067880003
1421067880006
1421067880011
1421067880012
1421067880013
1421067880016
1421067880017
1421067880018
1421067880021
1421067880022
1421067880023
1421067880025
1421067880026
1421067880027
1421067880028
1421067880029
1421067880030
1421067880031
1421067880032
1421067880033
1421067880034
1421067880134
1421067880135
1421067880136
1421067880137
1421067880138
1421067880139
1421067880140
1421067880141
1421067880142
1421067880143
1421067880144
1421067880145
1421067880146
1421067880147
1421067881805
1421067881808
1421067881809
1421067881810
1421067881812
1421067881813
1421067881814
1421067881885
1421067881889
1421067881896
1421067881899
1421067881900
1421067881910
1421067881911
1421067881922
1421067881932
1421067881936
1421067881937
1421067881944
1421067881948
1421067881951
1421067881954
1421067881955
1421067881959
1421067881961
1421067881964
1421067881965
1421067881966
1421067881970
1421067879865
1421067879866
1421067879867
1421067879868
1421067879877
1421067879878
1421067879879
1421067879891
1421067879892
1421067879893
1421067879894
1421067879898
1421067879906
1421067879907
1421067879908
1421067879909
1421067879910
1421067879913
1421067879916
1421067879920
1421067879923
1421067879924
1421067879928
1421067879929
1421067879931
1421067879932
1421067879934
1421067879935
1421067879943
1421067879944
1421067879945
1421067880112
1421067880113
1421067880116
1421067880118
1421067880119
1421067880120
1421067880124
1421067880127
1421067880128
1421067880129
1421067880130
1421067880133
1421067880135
1421067880136
1421067880137
1421067880138
1421067880139
1421067880140
1421067880141
1421067880142
1421067880143
1421067880144
1421067880145
1421067880146
1421067880147
1421067881805
1421067881808
1421067881809
1421067881810
1421067881812
1421067881813
1421067881885
1421067881886
1421067881887
1421067881891
1421067881892
1421067881894
1421067881896
1421067881898
1421067881900
1421067881903
1421067881906
1421067881910
1421067881911
1421067881929
1421067881935
1421067881937
1421067881944
1421067881948
1421067881951
1421067881954
1421067881955
1421067881959
1421067881960
1421067881962
1421067881965
1421067881966
1421067881970
1421067882002
1421067882003
1421067882007
1421067882008
1421067882013
1421067882014
1421067882015
1421067882016
1421067882018
1421067882019
1421067882020
1421067882021
1421067881886
1421067881887
1421067881892
1421067881902
1421067881903
1421067881906
1421067881912
1421067881939
1421067881949
1421067881956
1421067881962
1421067881963
1421067881967
1421067881968
1421067881971
1421067882002
1421067882003
1421067882004
1421067882005
1421067882006
1421067882007
1421067882008
1421067882009
1421067882012
1421067882013
1421067882014
1421067882015
1421067882016
1421067882017
1421067882018
1421067882019
1421067882020
1421067882021
1421067882022
1421067882023
1421067882070
1421067882071
1421067882072
1421067882073
1421067882074
1421067882075
1421067882076
1421067882077
1421067882078
1421067882113
1421067882114
1421067882115
1421067882116
1421067882128
1421067882129
1421067882130
1421067882131
1421067882132
1421067882133
1421067882134
1421067882135
1421067882136
1421067882137
1421067882138
1421067882139
1421067882140
1421067882141
1421067882142
1421067882143
1421067882144
1421067882145
1421067882162
1421067882163
1421067882194
1421067882195
1421067882196
1421067882197
1421067882198
1421067882249
1421067882250
1421067882251
1421067882252
1421067882253
1421067882254
1421067882255
1421067882256
1421067882257
1421067882258
1421067882259
1421067882260
1421067882261
1421067882262
1421067882289
1421067882290
1421067882291
1421067882292
1421067882352
1421067882353
1421067882389
1421067882392
1421067882393
1421067882396
1421067882402
1421067882406
1421067882407
1421067882409
1421067881917
1421067881949
1421067881956
1421067881963
1421067881967
1421067882006
1421067882012
1421067882017
1421067882021
1421067882022
1421067882023
1421067882071
1421067882072
1421067882073
1421067882074
1421067882075
1421067882076
1421067882077
1421067882078
1421067882113
1421067882114
1421067882115
1421067882116
1421067882129
1421067882130
1421067882131
1421067882132
1421067882133
1421067882134
1421067882135
1421067882136
1421067882137
1421067882138
1421067882139
1421067882141
1421067882142
1421067882143
1421067882144
1421067882145
1421067882161
1421067882162
1421067882163
1421067882194
1421067882195
1421067882196
1421067882197
1421067882198
1421067882249
1421067882250
1421067882251
1421067882252
1421067882253
1421067882254
1421067882255
1421067882256
1421067882257
1421067882258
1421067882259
1421067882260
1421067882261
1421067882262
1421067882289
1421067882290
1421067882291
1421067882292
1421067882351
1421067882352
1421067882353
1421067882355
1421067882390
1421067882391
1421067882392
1421067882393
1421067882394
1421067882397
1421067882398
1421067882399
1421067882400
1421067882401
1421067882402
1421067882405
1421067882406
1421067882407
1421067882408
1421067882409
1421067882410
1421067882411
1421067882412
1421067882413
1421067882414
1421067882415
1421067882416
1421067882417
1421067882418
1421067882432
1421067882433
1421067882434
1421067882435
1421067882444
1421067882448
1421067882450
1421067882436
1421067882437
1421067882438
1421067882439
1421067882440
1421067882441
1421067882442
1421067882443
1421067882445
1421067882446
1421067882447
1421067882449
1421067882450
1421067882451
1421067882452
1421067882453
1421067882481
1421067882482
1421067882483
1421067882484
1421067882486
1421067882487
1421067882489
1421067882490
1421067882491
1421067882492
1421067882493
1421067882494
1421067882495
1421067882496
1421067882497
1421067882498
1421067882499
1421067882529
1421067882530
1421067882531
1421067882532
1421067882533
1421067882534
1421067882535
1421067882538
1421067882539
1421067882540
1421067882541
1421067882542
1421067882543
1421067882544
1421067882545
1421067882546
1421067882547
1421067882548
1421067882549
1421067882551
1421067882552
1421067882553
1421067882554
1421067882555
1421067882556
1421067882558
1421067882559
1421067882560
1421067882561
1421067882562
1421067882563
1421067882564
1421067882565
1421067882566
1421067882567
1421067882568
1421067882569
1421067882586
1421067882587
1421067882588
1421067882589
1421067882603
1421067882604
1421067882605
1421067882606
1421067882607
1421067882608
1421067882609
1421067882610
1421067882611
1421067882645
1421067882646
1421067882648
1421067882649
1421067882650
1421067882651
1421067882652
1421067882653
1421067882656
1421067882657
1421067882660
1421067882661
1421067882662
1421067882664
1421067882700
1421067882701
1421067882703
1421067882704
1421067879643
1421067879647
1421067879648
1421067879582
1421067879585
1421067879661
1421067879662
1421067879663
1421067879664
1421067879668
1421067879669
1421067879670
1421067879671
1421067879672
1421067879673
1421067882351
1421067882355
1421067882390
1421067882391
1421067882394
1421067882398
1421067882399
1421067882400
1421067882401
1421067882405
1421067882408
1421067882410
1421067882411
1421067882412
1421067882413
1421067882414
1421067882415
1421067882416
1421067882417
1421067882418
1421067882432
1421067882433
1421067882434
1421067882435
1421067882436
1421067882437
1421067882438
1421067882439
1421067882440
1421067882441
1421067882442
1421067882443
1421067882444
1421067882445
1421067882446
1421067882447
1421067882448
1421067882449
1421067882450
1421067882451
1421067882452
1421067882453
1421067882481
1421067882482
1421067882483
1421067882484
1421067882485
1421067882487
1421067882489
1421067882490
1421067882491
1421067882492
1421067882493
1421067882494
1421067882495
1421067882496
1421067882497
1421067882498
1421067882499
1421067882500
1421067882529
1421067882530
1421067882531
1421067882532
1421067882533
1421067882534
1421067882535
1421067882536
1421067882538
1421067882539
1421067882540
1421067882541
1421067882542
1421067882543
1421067882544
1421067882545
1421067882546
1421067882547
1421067882548
1421067879559
1421067879560
1421067879627
1421067879661
1421067879592
1421067879920
1421067879921
1421067879922
1421067879924
1421067879925
1421067879926
1421067879927
1421067879991
1421067879992
1421067879993
1421067879994
1421067879995
1421067879996
1421067879997
1421067880232
1421067880233
1421067880234
1421067880235
1421067880236
1421067880250
1421067880252
1421067880253
1421067880254
1421067880255
1421067880256
1421067880392
1421067880393
1421067880394
1421067880395
1421067880396
1421067880398
1421067880399
1421067880471
1421067880472
1421067880475
1421067880476
1421067880480
1421067880487
1421067880489
1421067880491
1421067880492
1421067880496
1421067880497
1421067880522
1421067880523
1421067880525
1421067880527
1421067880529
1421067880530
1421067880531
1421067880533
1421067880534
1421067880537
1421067880539
1421067880540
1421067880542
1421067880543
1421067880544
1421067880545
1421067880546
1421067880547
1421067880549
1421067880550
1421067880552
1421067880556
1421067880570
1421067880571
1421067880572
1421067880573
1421067880574
1421067882654
1421067882655
1421067882658
1421067882659
1421067882663
1421067882702
1421067882705
1421067882706
1421067882707
1421067882708
1421067882709
1421067882710
1421067882711
1421067882712
1421067882713
1421067882714
1421067882715
1421067882716
1421067882717
1421067882718
1421067882719
1421067882720
1421067882721
1421067882722
1421067882723
1421067882724
1421067882725
1421067882726
1421067882727
1421067882728
1421067882729
1421067882730
1421067882731
1421067882732
1421067882733
1421067882734
1421067882735
1421067882736
1421067882737
1421067882738
1421067882739
1421067882740
1421067882741
1421067882742
1421067882743
1421067882744
1421067882745
1421067882746
1421067882747
1421067882748
1421067882749
1421067882750
1421067882751
1421067882752
1421067882753
1421067882754
1421067882755
1421067882756
1421067882757
1421067882758
1421067882759
1421067882760
1421067882761
1421067882762
1421067882763
1421067882764
1421067882765
1421067882766
