1421067929207
1421067929208
1421067929209
1421067929210
1421067929211
1421067929212
1421067929213
1421067929214
1421067929215
1421067929216
1421067929217
1421067929218
1421067929219
1421067929220
1421067929221
1421067929222
1421067929223
1421067929224
1421067929225
1421067929226
1421067929227
1421067929228
1421067929229
1421067929230
1421067929231
1421067929232
1421067929233
1421067929234
1421067929235
1421067929236
1421067929237
1421067929238
1421067929239
1421067929240
1421067929241
1421067929242
1421067929243
1421067929244
1421067929245
1421067929246
1421067929247
1421067929248
1421067929249
1421067929250
1421067929251
1421067929252
1421067929253
1421067929254
1421067929255
1421067929256
1421067929257
1421067929258
1421067929259
1421067929260
1421067929261
1421067929262
1421067929263
1421067929264
1421067929265
1421067929266
1421067929267
1421067929268
1421067929269
1421067929270
1421067929271
1421067929272
1421067929273
1421067929274
1421067929275
1421067929276
1421067929277
1421067929278
1421067929279
1421067929280
1421067929282
1421067929285
1421067929292
1421067929293
1421067929296
1421067929303
1421067929304
1421067929307
1421067929308
1421067929310
1421067929314
1421067929315
1421067929318
1421067929321
1421067929323
1421067929325
1421067929326
1421067929329
1421067929332
1421067929334
1421067929335
1421067929337
1421067929340
1421067929343
1421067929346
1421067929348
1421067929351
1421067932147
1421067932151
1421067932152
1421067932153
1421067932154
1421067932155
1421067932156
1421067932157
1421067932159
1421067932160
1421067932161
1421067932162
1421067932163
1421067932164
1421067932166
1421067932167
1421067932168
1421067932170
1421067932171
1421067932172
1421067932173
1421067932174
1421067932175
1421067932177
1421067932178
1421067932179
1421067932180
1421067932181
1421067932182
1421067932183
1421067932184
1421067932185
1421067932186
1421067932187
1421067932188
1421067932189
1421067932190
1421067932191
1421067932193
1421067932194
1421067932195
1421067932196
1421067932198
1421067932199
1421067932200
1421067932201
1421067932202
1421067932203
1421067932204
1421067932206
1421067932207
1421067932208
1421067932209
1421067932210
1421067932211
1421067932212
1421067932213
1421067932215
1421067932216
1421067932217
1421067932218
1421067932223
1421067932224
1421067932225
1421067932226
1421067932228
1421067932229
1421067932230
1421067932231
1421067932232
1421067932234
1421067932235
1421067932236
1421067932237
1421067932239
1421067932240
1421067932241
1421067932246
1421067932247
1421067932248
1421067932250
1421067932251
1421067932252
1421067932254
1421067932255
1421067932256
1421067932257
1421067932258
1421067932259
1421067932261
1421067932262
1421067932263
1421067932264
1421067932265
1421067932266
1421067932268
1421067932270
1421067932271
1421067932272
1421067932273
1421067932275
1421067932152
1421067932153
1421067932154
1421067932156
1421067932157
1421067932159
1421067932160
1421067932161
1421067932162
1421067932163
1421067932164
1421067932167
1421067932168
1421067932170
1421067932171
1421067932172
1421067932173
1421067932174
1421067932175
1421067932177
1421067932178
1421067932179
1421067932180
1421067932181
1421067932182
1421067932183
1421067932185
1421067932186
1421067932187
1421067932188
1421067932189
1421067932190
1421067932193
1421067932194
1421067932195
1421067932196
1421067932198
1421067932199
1421067932200
1421067932202
1421067932203
1421067932204
1421067932206
1421067932207
1421067932208
1421067932209
1421067932210
1421067932211
1421067932212
1421067932213
1421067932216
1421067932218
1421067932223
1421067932224
1421067932225
1421067932226
1421067932228
1421067932229
1421067932230
1421067932232
1421067932234
1421067932235
1421067932236
1421067932237
1421067932239
1421067932240
1421067932241
1421067932246
1421067932247
1421067932248
1421067932250
1421067932251
1421067932252
1421067932254
1421067932255
1421067932257
1421067932258
1421067932259
1421067932261
1421067932262
1421067932263
1421067932266
1421067932268
1421067932269
1421067932270
1421067932271
1421067932272
1421067932273
1421067932275
1421067932276
1421067932278
1421067932279
1421067932280
1421067932282
1421067932283
1421067932284
1421067932287
1421067932289
1421067932291
1421067932293
1421067932294
1421067932143
1421067932146
1421067932147
1421067932150
1421067932152
1421067932153
1421067932154
1421067932156
1421067932157
1421067932159
1421067932160
1421067932161
1421067932163
1421067932164
1421067932167
1421067932168
1421067932170
1421067932171
1421067932172
1421067932174
1421067932175
1421067932177
1421067932178
1421067932179
1421067932180
1421067932181
1421067932182
1421067932183
1421067932185
1421067932186
1421067932187
1421067932188
1421067932189
1421067932190
1421067932194
1421067932195
1421067932196
1421067932198
1421067932199
1421067932200
1421067932202
1421067932203
1421067932204
1421067932207
1421067932208
1421067932209
1421067932210
1421067932211
1421067932213
1421067932215
1421067932216
1421067932218
1421067932224
1421067932225
1421067932226
1421067932229
1421067932230
1421067932232
1421067932235
1421067932236
1421067932237
1421067932239
1421067932240
1421067932241
1421067932245
1421067932246
1421067932247
1421067932248
1421067932250
1421067932251
1421067932252
1421067932254
1421067932255
1421067932257
1421067932258
1421067932259
1421067932261
1421067932262
1421067932263
1421067932266
1421067932271
1421067932272
1421067932273
1421067932275
1421067932276
1421067932278
1421067932279
1421067932280
1421067932282
1421067932283
1421067932284
1421067932287
1421067932291
1421067932293
1421067932295
1421067932296
1421067932298
1421067932300
1421067932301
1421067932302
1421067932304
1421067932158
1421067932165
1421067932169
1421067932176
1421067932192
1421067932197
1421067932205
1421067932222
1421067932227
1421067932233
1421067932238
1421067932244
1421067932249
1421067932253
1421067932260
1421067932267
1421067932274
1421067932275
1421067932276
1421067932279
1421067932280
1421067932282
1421067932283
1421067932287
1421067932291
1421067932293
1421067932294
1421067932296
1421067932298
1421067932300
1421067932302
1421067932304
1421067932305
1421067932307
1421067932311
1421067932312
1421067932314
1421067932315
1421067932316
1421067932318
1421067932319
1421067932322
1421067932323
1421067932325
1421067932326
1421067932330
1421067932333
1421067932334
1421067932336
1421067932337
1421067932338
1421067932339
1421067932340
1421067932341
1421067932344
1421067932346
1421067932347
1421067932348
1421067932351
1421067932352
1421067932353
1421067932355
1421067932357
1421067932359
1421067932360
1421067932362
1421067932363
1421067932364
1421067932365
1421067932366
1421067932370
1421067932371
1421067932373
1421067932374
1421067932375
1421067932376
1421067932377
1421067932378
1421067932380
1421067932381
1421067932382
1421067932384
1421067932385
1421067932386
1421067932387
1421067932388
1421067932389
1421067932391
1421067932392
1421067932394
1421067932395
1421067932396
1421067932398
1421067932399
1421067932400
1421067932401
1421067932402
1421067932403
1421067932405
1421067932406
1421067932407
1421067932151
1421067932155
1421067932158
1421067932165
1421067932166
1421067932169
1421067932176
1421067932184
1421067932191
1421067932192
1421067932197
1421067932201
1421067932205
1421067932217
1421067932222
1421067932227
1421067932231
1421067932233
1421067932238
1421067932242
1421067932244
1421067932249
1421067932253
1421067932256
1421067932260
1421067932267
1421067932274
1421067932277
1421067932285
1421067932286
1421067932288
1421067932290
1421067932292
1421067932294
1421067932298
1421067932301
1421067932304
1421067932305
1421067932307
1421067932311
1421067932314
1421067932315
1421067932318
1421067932322
1421067932323
1421067932325
1421067932326
1421067932330
1421067932333
1421067932336
1421067932337
1421067932338
1421067932340
1421067932341
1421067932344
1421067932347
1421067932348
1421067932351
1421067932352
1421067932353
1421067932355
1421067932359
1421067932360
1421067932362
1421067932363
1421067932366
1421067932370
1421067932373
1421067932374
1421067932377
1421067932378
1421067932380
1421067932381
1421067932384
1421067932385
1421067932388
1421067932389
1421067932391
1421067932394
1421067932395
1421067932399
1421067932400
1421067932401
1421067932402
1421067932405
1421067932407
1421067932408
1421067932410
1421067932412
1421067932413
1421067932416
1421067932418
1421067932419
1421067932420
1421067932421
1421067932423
1421067932424
1421067932427
1421067932429
1421067932430
1421067932431
1421067932151
1421067932155
1421067932158
1421067932162
1421067932165
1421067932166
1421067932169
1421067932173
1421067932176
1421067932184
1421067932192
1421067932193
1421067932197
1421067932201
1421067932205
1421067932206
1421067932212
1421067932217
1421067932222
1421067932223
1421067932227
1421067932228
1421067932231
1421067932233
1421067932234
1421067932238
1421067932242
1421067932253
1421067932256
1421067932260
1421067932267
1421067932268
1421067932270
1421067932274
1421067932277
1421067932286
1421067932288
1421067932289
1421067932290
1421067932292
1421067932299
1421067932303
1421067932304
1421067932305
1421067932307
1421067932311
1421067932314
1421067932318
1421067932322
1421067932325
1421067932330
1421067932333
1421067932336
1421067932337
1421067932338
1421067932340
1421067932341
1421067932344
1421067932347
1421067932348
1421067932351
1421067932352
1421067932355
1421067932362
1421067932363
1421067932366
1421067932373
1421067932374
1421067932377
1421067932378
1421067932380
1421067932384
1421067932385
1421067932388
1421067932389
1421067932391
1421067932394
1421067932401
1421067932402
1421067932405
1421067932407
1421067932408
1421067932410
1421067932412
1421067932416
1421067932419
1421067932420
1421067932421
1421067932423
1421067932424
1421067932427
1421067932429
1421067932430
1421067932431
1421067932434
1421067932437
1421067932439
1421067932441
1421067932442
1421067932445
1421067932448
1421067932277
1421067932278
1421067932284
1421067932285
1421067932286
1421067932288
1421067932289
1421067932290
1421067932292
1421067932295
1421067932297
1421067932299
1421067932303
1421067932306
1421067932310
1421067932313
1421067932317
1421067932320
1421067932321
1421067932324
1421067932327
1421067932328
1421067932329
1421067932331
1421067932332
1421067932335
1421067932342
1421067932343
1421067932345
1421067932349
1421067932350
1421067932354
1421067932356
1421067932358
1421067932361
1421067932367
1421067932368
1421067932369
1421067932372
1421067932379
1421067932383
1421067932390
1421067932393
1421067932397
1421067932404
1421067932408
1421067932410
1421067932412
1421067932413
1421067932416
1421067932418
1421067932419
1421067932420
1421067932421
1421067932423
1421067932424
1421067932427
1421067932429
1421067932430
1421067932431
1421067932434
1421067932437
1421067932438
1421067932439
1421067932440
1421067932441
1421067932442
1421067932445
1421067932448
1421067932449
1421067932452
1421067932453
1421067932456
1421067932459
1421067932460
1421067932463
1421067932464
1421067932467
1421067932469
1421067932470
1421067932471
1421067932472
1421067932474
1421067932475
1421067932478
1421067932479
1421067932480
1421067932481
1421067932482
1421067932485
1421067932486
1421067932489
1421067932490
1421067932492
1421067932493
1421067932496
1421067932497
1421067932500
1421067932501
1421067932502
1421067932503
1421067932295
1421067932296
1421067932299
1421067932302
1421067932303
1421067932306
1421067932308
1421067932310
1421067932312
1421067932313
1421067932316
1421067932317
1421067932319
1421067932320
1421067932321
1421067932324
1421067932327
1421067932328
1421067932329
1421067932331
1421067932332
1421067932334
1421067932335
1421067932339
1421067932342
1421067932343
1421067932345
1421067932346
1421067932349
1421067932350
1421067932354
1421067932356
1421067932357
1421067932358
1421067932361
1421067932364
1421067932365
1421067932367
1421067932368
1421067932369
1421067932371
1421067932372
1421067932375
1421067932376
1421067932379
1421067932382
1421067932383
1421067932386
1421067932387
1421067932390
1421067932392
1421067932393
1421067932396
1421067932397
1421067932398
1421067932403
1421067932404
1421067932406
1421067932409
1421067932411
1421067932414
1421067932415
1421067932417
1421067932422
1421067932425
1421067932426
1421067932428
1421067932437
1421067932441
1421067932442
1421067932448
1421067932449
1421067932456
1421067932459
1421067932460
1421067932463
1421067932467
1421067932470
1421067932471
1421067932474
1421067932475
1421067932478
1421067932479
1421067932481
1421067932482
1421067932485
1421067932486
1421067932489
1421067932490
1421067932492
1421067932496
1421067932497
1421067932501
1421067932502
1421067932505
1421067932508
1421067932509
1421067932510
1421067932511
1421067932513
1421067932516
1421067932306
1421067932310
1421067932312
1421067932313
1421067932315
1421067932316
1421067932317
1421067932319
1421067932320
1421067932321
1421067932324
1421067932326
1421067932327
1421067932328
1421067932329
1421067932331
1421067932332
1421067932334
1421067932335
1421067932339
1421067932342
1421067932343
1421067932345
1421067932346
1421067932349
1421067932350
1421067932353
1421067932354
1421067932356
1421067932357
1421067932358
1421067932359
1421067932360
1421067932361
1421067932364
1421067932365
1421067932367
1421067932368
1421067932369
1421067932370
1421067932371
1421067932372
1421067932375
1421067932376
1421067932379
1421067932381
1421067932382
1421067932383
1421067932386
1421067932387
1421067932390
1421067932392
1421067932393
1421067932395
1421067932396
1421067932397
1421067932398
1421067932399
1421067932400
1421067932403
1421067932404
1421067932406
1421067932409
1421067932411
1421067932413
1421067932414
1421067932415
1421067932417
1421067932418
1421067932422
1421067932425
1421067932426
1421067932428
1421067932432
1421067932433
1421067932435
1421067932436
1421067932438
1421067932440
1421067932443
1421067932444
1421067932446
1421067932447
1421067932449
1421067932450
1421067932451
1421067932452
1421067932453
1421067932454
1421067932455
1421067932456
1421067932457
1421067932458
1421067932459
1421067932409
1421067932411
1421067932414
1421067932415
1421067932417
1421067932422
1421067932425
1421067932426
1421067932428
1421067932432
1421067932433
1421067932435
1421067932436
1421067932443
1421067932444
1421067932446
1421067932447
1421067932450
1421067932451
1421067932454
1421067932455
1421067932457
1421067932458
1421067932461
1421067932462
1421067932465
1421067932466
1421067932468
1421067932473
1421067932476
1421067932477
1421067932483
1421067932484
1421067932487
1421067932488
1421067932491
1421067932494
1421067932495
1421067932498
1421067932499
1421067932504
1421067932505
1421067932506
1421067932507
1421067932145
1421067932432
1421067932433
1421067932434
1421067932435
1421067932436
1421067932438
1421067932439
1421067932440
1421067932443
1421067932444
1421067932445
1421067932446
1421067932447
1421067932450
1421067932451
1421067932452
1421067932453
1421067932454
1421067932455
1421067932457
1421067932458
1421067932461
1421067932462
1421067932464
1421067932465
1421067932466
1421067932468
1421067932469
1421067932472
1421067932473
1421067932476
1421067932477
1421067932480
1421067932483
1421067932484
1421067932487
1421067932488
1421067932491
1421067932493
1421067932494
1421067932495
1421067932498
1421067932499
1421067932500
1421067932503
1421067932504
1421067932506
1421067932507
1421067932512
1421067932514
1421067932515
1421067932517
1421067932518
