1421067904746
1421067904747
1421067904748
1421067904749
1421067904750
1421067904751
1421067904752
1421067904753
1421067904754
1421067904755
1421067904756
1421067904757
1421067904758
1421067904759
1421067904760
1421067904761
1421067904762
1421067904763
1421067904764
1421067904765
1421067904766
1421067904767
1421067904768
1421067904769
1421067904770
1421067904771
1421067904772
1421067904773
1421067904774
1421067904775
1421067904776
1421067904777
1421067904778
1421067904779
1421067904780
1421067904781
1421067904782
1421067904783
1421067904784
1421067904785
1421067904786
1421067904787
1421067904788
1421067904789
1421067904790
1421067904791
1421067904792
1421067904793
1421067904794
1421067904795
1421067904796
1421067904797
1421067904798
1421067904799
1421067904800
1421067904801
1421067904802
1421067904804
1421067904805
1421067904806
1421067904807
1421067904808
1421067904809
1421067904810
1421067904811
1421067904812
1421067904813
1421067904814
1421067904815
1421067904817
1421067904818
1421067904819
1421067904820
1421067904821
1421067904822
1421067904823
1421067904824
1421067904825
1421067904826
1421067904828
1421067904829
1421067904830
1421067904831
1421067904832
1421067904833
1421067904834
1421067904835
1421067904836
1421067904837
1421067904838
1421067904839
1421067904840
1421067904841
1421067904843
1421067904844
1421067904845
1421067904846
1421067904847
1421067904848
1421067904849
1421067904850
1421067904745
1421067904746
1421067904747
1421067904748
1421067904749
1421067904750
1421067904751
1421067904752
1421067904753
1421067904754
1421067904755
1421067904756
1421067904757
1421067904758
1421067904759
1421067904760
1421067904761
1421067904762
1421067904763
1421067904764
1421067904765
1421067904766
1421067904767
1421067904768
1421067904769
1421067904770
1421067904771
1421067904772
1421067904773
1421067904774
1421067904775
1421067904776
1421067904777
1421067904778
1421067904779
1421067904780
1421067904781
1421067904782
1421067904783
1421067904784
1421067904785
1421067904786
1421067904787
1421067904788
1421067904789
1421067904790
1421067904791
1421067904792
1421067904793
1421067904794
1421067904795
1421067904796
1421067904797
1421067904798
1421067904799
1421067904800
1421067904801
1421067904802
1421067904803
1421067904804
1421067904805
1421067904806
1421067904807
1421067904808
1421067904809
1421067904810
1421067904811
1421067904813
1421067904814
1421067904815
1421067904817
1421067904818
1421067904819
1421067904821
1421067904822
1421067904824
1421067904825
1421067904826
1421067904828
1421067904829
1421067904830
1421067904832
1421067904833
1421067904835
1421067904836
1421067904837
1421067904839
1421067904840
1421067904841
1421067904843
1421067904844
1421067904846
1421067904847
1421067904848
1421067904850
1421067904851
1421067904852
1421067904854
1421067904855
1421067904857
1421067904858
1421067904803
1421067904816
1421067904827
1421067904842
1421067904851
1421067904852
1421067904853
1421067904854
1421067904855
1421067904856
1421067904857
1421067904858
1421067904859
1421067904860
1421067904861
1421067904862
1421067904863
1421067904864
1421067904865
1421067904866
1421067904867
1421067904868
1421067904869
1421067904870
1421067904871
1421067904872
1421067904873
1421067904874
1421067904875
1421067904876
1421067904877
1421067904878
1421067904879
1421067904880
1421067904881
1421067904882
1421067904883
1421067904884
1421067904885
1421067904886
1421067904887
1421067904888
1421067904889
1421067904890
1421067904891
1421067904892
1421067904893
1421067904894
1421067904895
1421067904896
1421067904897
1421067904898
1421067904899
1421067904900
1421067904901
1421067904902
1421067904903
1421067904904
1421067904905
1421067904906
1421067904907
1421067904909
1421067904910
1421067904912
1421067904913
1421067904914
1421067904916
1421067904917
1421067904919
1421067904920
1421067904921
1421067904923
1421067904924
1421067904925
1421067904927
1421067904928
1421067904929
1421067904930
1421067904932
1421067904933
1421067904934
1421067904935
1421067904936
1421067904937
1421067904938
1421067904939
1421067904940
1421067904941
1421067904943
1421067904944
1421067904947
1421067904948
1421067904949
1421067904950
1421067904951
1421067904952
1421067904954
1421067904955
1421067904956
1421067904958
1421067904959
1421067904803
1421067904812
1421067904816
1421067904820
1421067904823
1421067904827
1421067904831
1421067904834
1421067904838
1421067904842
1421067904845
1421067904849
1421067904853
1421067904856
1421067904859
1421067904860
1421067904861
1421067904862
1421067904863
1421067904864
1421067904865
1421067904866
1421067904867
1421067904868
1421067904869
1421067904870
1421067904871
1421067904872
1421067904873
1421067904874
1421067904875
1421067904876
1421067904877
1421067904878
1421067904879
1421067904880
1421067904881
1421067904882
1421067904883
1421067904884
1421067904885
1421067904886
1421067904887
1421067904888
1421067904889
1421067904890
1421067904891
1421067904892
1421067904893
1421067904894
1421067904895
1421067904896
1421067904897
1421067904898
1421067904899
1421067904900
1421067904901
1421067904902
1421067904903
1421067904904
1421067904905
1421067904906
1421067904907
1421067904908
1421067904909
1421067904910
1421067904912
1421067904913
1421067904914
1421067904916
1421067904917
1421067904919
1421067904920
1421067904921
1421067904923
1421067904924
1421067904925
1421067904927
1421067904928
1421067904930
1421067904932
1421067904933
1421067904934
1421067904936
1421067904937
1421067904938
1421067904939
1421067904940
1421067904941
1421067904944
1421067904947
1421067904948
1421067904949
1421067904950
1421067904951
1421067904952
1421067904954
1421067904955
1421067904956
1421067904958
1421067904959
1421067908548
1421067908550
1421067908551
1421067908552
1421067908553
1421067908554
1421067908555
1421067908556
1421067908557
1421067908558
1421067908559
1421067908560
1421067908561
1421067908562
1421067908563
1421067908564
1421067908565
1421067908566
1421067908567
1421067908568
1421067908569
1421067908570
1421067908571
1421067908572
1421067908573
1421067908574
1421067908575
1421067908576
1421067908577
1421067908578
1421067908579
1421067908580
1421067908581
1421067908582
1421067908583
1421067908584
1421067908585
1421067908586
1421067908587
1421067908588
1421067908589
1421067908590
1421067908591
1421067908592
1421067908593
1421067908594
1421067908595
1421067908596
1421067908597
1421067908598
1421067908599
1421067908600
1421067908601
1421067908602
1421067908603
1421067908604
1421067908605
1421067908607
1421067908608
1421067908609
1421067908610
1421067908611
1421067908612
1421067908613
1421067908614
1421067908616
1421067908617
1421067908618
1421067908619
1421067908620
1421067908621
1421067908623
1421067908624
1421067908625
1421067908626
1421067908627
1421067908629
1421067908630
1421067908631
1421067908632
1421067908633
1421067908634
1421067908635
1421067908636
1421067908637
1421067908638
1421067908639
1421067908640
1421067908641
1421067908642
1421067908643
1421067908644
1421067908645
1421067908646
1421067908647
1421067908648
1421067908649
1421067908650
1421067908652
1421067908653
1421067908654
1421067908547
1421067908549
1421067908606
1421067908615
1421067908622
1421067908628
1421067908651
1421067908655
1421067908656
1421067908657
1421067908658
1421067908659
1421067908660
1421067908661
1421067908662
1421067908663
1421067908664
1421067908665
1421067908666
1421067908667
1421067908668
1421067908669
1421067908670
1421067908671
1421067908672
1421067908673
1421067908674
1421067908675
1421067908676
1421067908677
1421067908678
1421067908679
1421067908680
1421067908681
1421067908682
1421067908683
1421067908684
1421067908685
1421067908686
1421067908687
1421067908688
1421067908689
1421067908690
1421067908691
1421067908692
1421067908693
1421067908694
1421067908695
1421067908696
1421067908697
1421067908698
1421067908699
1421067908700
1421067908701
1421067908702
1421067908703
1421067908704
1421067908705
1421067908706
1421067908707
1421067908708
1421067908709
1421067908710
1421067908711
1421067908712
1421067908713
1421067908714
1421067908715
1421067908716
1421067908717
1421067908718
1421067908719
1421067908720
1421067908721
1421067908722
1421067908723
1421067908724
1421067908725
1421067908726
1421067908727
1421067908728
1421067908729
1421067908730
1421067908731
1421067908732
1421067908733
1421067908734
1421067908735
1421067908736
1421067908737
