1421067990166
1421067990167
1421067990171
1421067990172
1421067990176
1421067990177
1421067990178
1421067990180
1421067990182
1421067990183
1421067990187
1421067990188
1421067990189
1421067990190
1421067990191
1421067990193
1421067990194
1421067990197
1421067990198
1421067990201
1421067990202
1421067990204
1421067990205
1421067990206
1421067990210
1421067990212
1421067990215
1421067990216
1421067990217
1421067990221
1421067990223
1421067990226
1421067990227
1421067990228
1421067990232
1421067990234
1421067990237
1421067990238
1421067990239
1421067990240
1421067990243
1421067990245
1421067990248
1421067990249
1421067990250
1421067990253
1421067990254
1421067990255
1421067990256
1421067990258
1421067990259
1421067990260
1421067990261
1421067990263
1421067990264
1421067990265
1421067990266
1421067990267
1421067990269
1421067990270
1421067990273
1421067990279
1421067990280
1421067990281
1421067990284
1421067990291
1421067990292
1421067990294
1421067990295
1421067990301
1421067990302
1421067990305
1421067990306
1421067990309
1421067990310
1421067990313
1421067990316
1421067990317
1421067990321
1421067990324
1421067990327
1421067990328
1421067990332
1421067990335
1421067990338
1421067990339
1421067990340
1421067990343
1421067990346
1421067990349
1421067990351
1421067990357
1421067990362
1421067990363
1421067990365
1421067990368
1421067990372
1421067990373
1421067990378
1421067990379
1421067990380
1421067990168
1421067990169
1421067990170
1421067990173
1421067990174
1421067990179
1421067990181
1421067990184
1421067990185
1421067990192
1421067990195
1421067990199
1421067990200
1421067990203
1421067990207
1421067990208
1421067990209
1421067990213
1421067990218
1421067990219
1421067990220
1421067990224
1421067990225
1421067990229
1421067990230
1421067990231
1421067990235
1421067990236
1421067990241
1421067990242
1421067990246
1421067990247
1421067990251
1421067990252
1421067990257
1421067990262
1421067990268
1421067990271
1421067990272
1421067990274
1421067990275
1421067990277
1421067990278
1421067990282
1421067990283
1421067990285
1421067990286
1421067990287
1421067990288
1421067990289
1421067990290
1421067990296
1421067990297
1421067990298
1421067990299
1421067990300
1421067990303
1421067990304
1421067990307
1421067990308
1421067990312
1421067990314
1421067990315
1421067990318
1421067990319
1421067990322
1421067990323
1421067990325
1421067990329
1421067990330
1421067990331
1421067990333
1421067990334
1421067990336
1421067990337
1421067990341
1421067990342
1421067990344
1421067990345
1421067990347
1421067990348
1421067990350
1421067990352
1421067990353
1421067990354
1421067990355
1421067990356
1421067990358
1421067990359
1421067990361
1421067990364
1421067990366
1421067990369
1421067990370
1421067990371
1421067990374
1421067990375
1421067990376
1421067990377
1421067990381
1421067990382
1421067992853
1421067992861
1421067992862
1421067992863
1421067992864
1421067992867
1421067992868
1421067992871
1421067992872
1421067992873
1421067992874
1421067992875
1421067992878
1421067992879
1421067992880
1421067992882
1421067992883
1421067992884
1421067992885
1421067992886
1421067992889
1421067992890
1421067992892
1421067992893
1421067992894
1421067992895
1421067992896
1421067992897
1421067992898
1421067992900
1421067992901
1421067992903
1421067992904
1421067992908
1421067992909
1421067992911
1421067992912
1421067992914
1421067992915
1421067992919
1421067992920
1421067992922
1421067992925
1421067992926
1421067992929
1421067992930
1421067992931
1421067992932
1421067992934
1421067992935
1421067992936
1421067992937
1421067992941
1421067992942
1421067992943
1421067992945
1421067992946
1421067992947
1421067992951
1421067992952
1421067992953
1421067992955
1421067992956
1421067992957
1421067992962
1421067992963
1421067992964
1421067992965
1421067992966
1421067992967
1421067992968
1421067992970
1421067992974
1421067992975
1421067992976
1421067992978
1421067992979
1421067992980
1421067992985
1421067992986
1421067992987
1421067992989
1421067992990
1421067992991
1421067992996
1421067992997
1421067992998
1421067993000
1421067993002
1421067993003
1421067993005
1421067993006
1421067993010
1421067993011
1421067993013
1421067993014
1421067993016
1421067993017
1421067993020
1421067993021
1421067993022
1421067992859
1421067992860
1421067992865
1421067992866
1421067992869
1421067992870
1421067992876
1421067992877
1421067992881
1421067992887
1421067992888
1421067992891
1421067992899
1421067992902
1421067992905
1421067992906
1421067992907
1421067992910
1421067992913
1421067992916
1421067992917
1421067992918
1421067992921
1421067992923
1421067992924
1421067992927
1421067992928
1421067992933
1421067992938
1421067992939
1421067992940
1421067992944
1421067992948
1421067992949
1421067992950
1421067992954
1421067992958
1421067992959
1421067992960
1421067992961
1421067992969
1421067992971
1421067992972
1421067992973
1421067992977
1421067992981
1421067992982
1421067992983
1421067992984
1421067992988
1421067992992
1421067992993
1421067992994
1421067992995
1421067992999
1421067993001
1421067993004
1421067993007
1421067993008
1421067993009
1421067993012
1421067993015
1421067993018
1421067993019
1421067993022
1421067993023
1421067993024
1421067993025
1421067993027
1421067993028
1421067993031
1421067993032
1421067993033
1421067993034
1421067993035
1421067993036
1421067993038
1421067993039
1421067993040
1421067993042
1421067993043
1421067993044
1421067993046
1421067993047
1421067993048
1421067993049
1421067993050
1421067993051
1421067993054
1421067993055
1421067993057
1421067993058
1421067993059
1421067993061
1421067993062
1421067993065
1421067993066
1421067993067
1421067993068
1421067993069
1421067993071
