1421067941336
1421067941337
1421067941338
1421067941341
1421067941342
1421067941344
1421067941352
1421067941353
1421067941358
1421067941359
1421067941360
1421067941366
1421067941374
1421067941381
1421067941388
1421067941396
1421067941397
1421067941401
1421067941410
1421067941417
1421067941418
1421067941421
1421067941422
1421067941423
1421067941428
1421067941429
1421067941432
1421067941433
1421067941439
1421067941450
1421067941461
1421067941464
1421067941473
1421067941475
1421067941476
1421067941480
1421067941489
1421067941490
1421067941494
1421067941497
1421067941500
1421067941501
1421067941502
1421067941503
1421067941504
1421067941507
1421067941513
1421067941514
1421067941515
1421067941518
1421067941522
1421067941526
1421067941529
1421067941530
1421067941536
1421067941540
1421067941541
1421067941544
1421067941547
1421067941548
1421067941551
1421067941557
1421067941558
1421067941559
1421067941562
1421067941569
1421067941570
1421067941573
1421067941577
1421067941578
1421067941580
1421067941584
1421067941587
1421067941588
1421067941592
1421067941598
1421067941601
1421067941605
1421067941606
1421067941608
1421067941609
1421067941612
1421067941616
1421067941620
1421067941623
1421067941626
1421067941627
1421067941631
1421067941637
1421067941646
1421067941648
1421067941659
1421067941660
1421067941663
1421067941664
1421067941666
1421067941667
1421067941668
1421067941670
1421067941671
1421067941678
1421067941334
1421067941340
1421067941343
1421067941349
1421067941351
1421067941354
1421067941356
1421067941357
1421067941361
1421067941362
1421067941364
1421067941367
1421067941372
1421067941373
1421067941375
1421067941378
1421067941383
1421067941384
1421067941395
1421067941403
1421067941404
1421067941408
1421067941414
1421067941420
1421067941424
1421067941430
1421067941431
1421067941435
1421067941436
1421067941437
1421067941440
1421067941441
1421067941445
1421067941446
1421067941448
1421067941449
1421067941451
1421067941456
1421067941457
1421067941460
1421067941462
1421067941463
1421067941466
1421067941468
1421067941469
1421067941470
1421067941474
1421067941477
1421067941478
1421067941479
1421067941481
1421067941488
1421067941492
1421067941493
1421067941498
1421067941499
1421067941506
1421067941512
1421067941516
1421067941517
1421067941519
1421067941521
1421067941523
1421067941524
1421067941535
1421067941542
1421067941543
1421067941545
1421067941549
1421067941550
1421067941564
1421067941565
1421067941568
1421067941575
1421067941589
1421067941590
1421067941593
1421067941600
1421067941602
1421067941603
1421067941611
1421067941614
1421067941618
1421067941619
1421067941621
1421067941624
1421067941628
1421067941633
1421067941636
1421067941639
1421067941640
1421067941644
1421067941645
1421067941647
1421067941655
1421067941661
1421067941662
1421067941665
1421067941672
1421067941676
1421067941677
1421067941336
1421067941337
1421067941338
1421067941341
1421067941342
1421067941344
1421067941352
1421067941353
1421067941355
1421067941359
1421067941360
1421067941363
1421067941366
1421067941374
1421067941377
1421067941381
1421067941385
1421067941392
1421067941393
1421067941400
1421067941401
1421067941406
1421067941407
1421067941410
1421067941411
1421067941417
1421067941421
1421067941422
1421067941428
1421067941429
1421067941439
1421067941443
1421067941450
1421067941454
1421067941456
1421067941461
1421067941464
1421067941467
1421067941472
1421067941473
1421067941476
1421067941478
1421067941483
1421067941487
1421067941490
1421067941497
1421067941498
1421067941501
1421067941507
1421067941508
1421067941512
1421067941513
1421067941515
1421067941518
1421067941524
1421067941526
1421067941536
1421067941540
1421067941541
1421067941544
1421067941547
1421067941548
1421067941551
1421067941552
1421067941558
1421067941559
1421067941566
1421067941567
1421067941569
1421067941573
1421067941578
1421067941580
1421067941584
1421067941592
1421067941598
1421067941599
1421067941601
1421067941608
1421067941613
1421067941617
1421067941623
1421067941627
1421067941630
1421067941631
1421067941637
1421067941638
1421067941645
1421067941646
1421067941652
1421067941659
1421067941660
1421067941663
1421067941667
1421067941668
1421067941670
1421067941671
1421067941678
1421067941679
1421067941681
1421067941692
1421067941693
1421067941340
1421067941343
1421067941345
1421067941346
1421067941349
1421067941351
1421067941356
1421067941357
1421067941361
1421067941362
1421067941364
1421067941367
1421067941372
1421067941373
1421067941375
1421067941376
1421067941383
1421067941384
1421067941391
1421067941395
1421067941402
1421067941403
1421067941404
1421067941408
1421067941414
1421067941415
1421067941419
1421067941420
1421067941424
1421067941425
1421067941436
1421067941437
1421067941441
1421067941445
1421067941446
1421067941448
1421067941451
1421067941452
1421067941455
1421067941459
1421067941460
1421067941466
1421067941468
1421067941469
1421067941470
1421067941474
1421067941484
1421067941488
1421067941492
1421067941493
1421067941505
1421067941506
1421067941509
1421067941516
1421067941517
1421067941520
1421067941521
1421067941527
1421067941531
1421067941532
1421067941533
1421067941538
1421067941542
1421067941543
1421067941545
1421067941549
1421067941550
1421067941563
1421067941564
1421067941565
1421067941568
1421067941574
1421067941579
1421067941585
1421067941586
1421067941589
1421067941590
1421067941593
1421067941596
1421067941597
1421067941600
1421067941603
1421067941607
1421067941619
1421067941621
1421067941628
1421067941636
1421067941640
1421067941644
1421067941655
1421067941661
1421067941665
1421067941672
1421067941673
1421067941676
1421067941677
1421067941680
1421067941688
1421067941689
1421067941691
1421067941694
1421067941320
1421067941338
1421067941341
1421067941353
1421067941360
1421067941369
1421067941370
1421067941371
1421067941374
1421067941381
1421067941382
1421067941385
1421067941393
1421067941401
1421067941406
1421067941410
1421067941411
1421067941421
1421067941422
1421067941423
1421067941428
1421067941429
1421067941439
1421067941450
1421067941461
1421067941464
1421067941476
1421067941483
1421067941502
1421067941503
1421067941507
1421067941514
1421067941518
1421067941526
1421067941537
1421067941540
1421067941541
1421067941544
1421067941551
1421067941552
1421067941555
1421067941557
1421067941562
1421067941567
1421067941569
1421067941570
1421067941578
1421067941580
1421067941581
1421067941584
1421067941591
1421067941594
1421067941598
1421067941605
1421067941609
1421067941616
1421067941623
1421067941627
1421067941637
1421067941638
1421067941642
1421067941648
1421067941659
1421067941660
1421067941663
1421067941664
1421067941667
1421067941668
1421067941670
1421067941671
1421067941678
1421067941685
1421067941686
1421067941692
1421067941693
1421067941696
1421067941697
1421067941702
1421067941721
1421067941731
1421067941738
1421067941745
1421067941750
1421067941772
1421067941776
1421067941778
1421067941782
1421067941783
1421067941793
1421067941800
1421067941806
1421067941809
1421067941811
1421067941816
1421067941822
1421067941831
1421067941833
1421067941840
1421067941845
1421067941851
1421067941854
1421067941340
1421067941344
1421067941345
1421067941349
1421067941356
1421067941364
1421067941365
1421067941366
1421067941367
1421067941373
1421067941375
1421067941376
1421067941380
1421067941386
1421067941403
1421067941407
1421067941414
1421067941431
1421067941440
1421067941444
1421067941445
1421067941451
1421067941456
1421067941462
1421067941465
1421067941473
1421067941478
1421067941488
1421067941489
1421067941492
1421067941498
1421067941501
1421067941512
1421067941524
1421067941533
1421067941550
1421067941553
1421067941554
1421067941559
1421067941563
1421067941568
1421067941577
1421067941593
1421067941596
1421067941599
1421067941607
1421067941612
1421067941614
1421067941618
1421067941622
1421067941635
1421067941640
1421067941641
1421067941644
1421067941646
1421067941647
1421067941649
1421067941652
1421067941665
1421067941673
1421067941676
1421067941682
1421067941683
1421067941698
1421067941701
1421067941703
1421067941704
1421067941714
1421067941715
1421067941723
1421067941726
1421067941728
1421067941729
1421067941730
1421067941734
1421067941736
1421067941739
1421067941741
1421067941742
1421067941746
1421067941747
1421067941753
1421067941759
1421067941770
1421067941771
1421067941779
1421067941780
1421067941788
1421067941804
1421067941805
1421067941810
1421067941814
1421067941824
1421067941825
1421067941826
1421067941827
1421067941829
1421067941835
1421067941837
1421067941842
1421067941847
1421067941697
1421067941700
1421067941704
1421067941708
1421067941711
1421067941715
1421067941720
1421067941721
1421067941723
1421067941727
1421067941728
1421067941732
1421067941739
1421067941742
1421067941745
1421067941750
1421067941753
1421067941769
1421067941771
1421067941772
1421067941775
1421067941786
1421067941787
1421067941793
1421067941794
1421067941800
1421067941805
1421067941806
1421067941809
1421067941810
1421067941811
1421067941812
1421067941814
1421067941816
1421067941817
1421067941820
1421067941822
1421067941825
1421067941830
1421067941831
1421067941833
1421067941836
1421067941838
1421067941840
1421067941843
1421067941846
1421067941856
1421067941857
1421067941867
1421067941868
1421067941876
1421067941878
1421067941879
1421067941880
1421067941887
1421067941891
1421067941894
1421067941912
1421067941917
1421067941924
1421067941935
1421067941939
1421067941945
1421067941948
1421067941949
1421067941950
1421067941955
1421067941956
1421067941959
1421067941962
1421067941963
1421067941965
1421067941968
1421067941973
1421067941979
1421067941982
1421067941984
1421067941985
1421067941987
1421067941992
1421067941996
1421067941998
1421067942008
1421067942010
1421067942011
1421067942014
1421067942015
1421067942019
1421067942021
1421067942022
1421067942026
1421067942030
1421067942031
1421067942035
1421067942036
1421067942039
1421067942041
1421067942042
1421067942045
1421067942046
1421067942047
1421067941701
1421067941703
1421067941709
1421067941710
1421067941714
1421067941722
1421067941724
1421067941726
1421067941729
1421067941730
1421067941735
1421067941736
1421067941737
1421067941740
1421067941741
1421067941748
1421067941749
1421067941751
1421067941768
1421067941770
1421067941774
1421067941780
1421067941781
1421067941784
1421067941785
1421067941788
1421067941792
1421067941798
1421067941807
1421067941813
1421067941815
1421067941818
1421067941823
1421067941828
1421067941832
1421067941834
1421067941837
1421067941839
1421067941842
1421067941847
1421067941848
1421067941853
1421067941858
1421067941864
1421067941866
1421067941869
1421067941871
1421067941877
1421067941885
1421067941888
1421067941890
1421067941893
1421067941896
1421067941900
1421067941901
1421067941903
1421067941911
1421067941914
1421067941916
1421067941922
1421067941926
1421067941927
1421067941932
1421067941933
1421067941936
1421067941937
1421067941938
1421067941940
1421067941951
1421067941954
1421067941957
1421067941958
1421067941960
1421067941966
1421067941972
1421067941977
1421067941983
1421067941986
1421067941988
1421067941989
1421067941991
1421067941994
1421067941999
1421067942001
1421067942002
1421067942006
1421067942007
1421067942012
1421067942017
1421067942018
1421067942020
1421067942024
1421067942028
1421067942029
1421067942032
1421067942033
1421067942037
1421067942040
1421067942043
1421067942044
1421067942048
1421067941856
1421067941867
1421067941873
1421067941878
1421067941879
1421067941880
1421067941884
1421067941887
1421067941889
1421067941891
1421067941892
1421067941902
1421067941907
1421067941912
1421067941918
1421067941924
1421067941939
1421067941942
1421067941955
1421067941956
1421067941963
1421067941968
1421067941974
1421067941982
1421067941985
1421067941987
1421067941992
1421067941996
1421067942008
1421067942010
1421067942015
1421067942019
1421067942021
1421067942025
1421067942026
1421067942030
1421067942031
1421067942035
1421067942039
1421067942041
1421067942042
1421067942045
1421067942046
1421067942056
1421067942058
1421067942063
1421067942064
1421067942067
1421067942070
1421067942074
1421067942075
1421067942078
1421067942080
1421067942081
1421067942084
1421067942085
1421067942089
1421067942092
1421067942096
1421067942101
1421067942102
1421067942105
1421067942106
1421067942111
1421067942116
1421067942117
1421067942122
1421067942123
1421067942127
1421067942130
1421067942140
1421067942141
1421067942149
1421067942150
1421067942154
1421067942160
1421067942161
1421067942165
1421067942168
1421067942171
1421067942172
1421067942176
1421067942179
1421067942180
1421067942182
1421067942183
1421067942186
1421067942187
1421067942190
1421067942191
1421067942193
1421067942197
1421067942198
1421067942203
1421067942208
1421067942210
1421067942213
1421067942214
1421067942219
1421067942220
1421067942221
1421067941857
1421067941858
1421067941859
1421067941864
1421067941868
1421067941871
1421067941883
1421067941893
1421067941894
1421067941905
1421067941906
1421067941914
1421067941915
1421067941917
1421067941928
1421067941929
1421067941930
1421067941933
1421067941936
1421067941938
1421067941940
1421067941943
1421067941948
1421067941951
1421067941954
1421067941958
1421067941961
1421067941962
1421067941965
1421067941966
1421067941973
1421067941980
1421067941984
1421067941994
1421067941995
1421067942000
1421067942002
1421067942011
1421067942013
1421067942017
1421067942022
1421067942029
1421067942033
1421067942036
1421067942037
1421067942040
1421067942044
1421067942047
1421067942048
1421067942051
1421067942055
1421067942057
1421067942059
1421067942066
1421067942068
1421067942069
1421067942072
1421067942077
1421067942079
1421067942083
1421067942088
1421067942094
1421067942095
1421067942099
1421067942100
1421067942104
1421067942108
1421067942109
1421067942114
1421067942115
1421067942119
1421067942125
1421067942126
1421067942131
1421067942136
1421067942137
1421067942144
1421067942147
1421067942148
1421067942155
1421067942158
1421067942159
1421067942163
1421067942164
1421067942166
1421067942169
1421067942170
1421067942174
1421067942175
1421067942177
1421067942181
1421067942188
1421067942196
1421067942199
1421067942201
1421067942202
1421067942205
1421067942206
1421067942209
1421067942212
1421067942217
1421067942088
1421067942092
1421067942094
1421067942095
1421067942096
1421067942098
1421067942099
1421067942100
1421067942101
1421067942102
1421067942104
1421067942105
1421067942106
1421067942108
1421067942109
1421067942111
1421067942112
1421067942113
1421067942114
1421067942115
1421067942116
1421067942117
1421067942119
1421067942120
1421067942122
1421067942123
1421067942125
1421067942126
1421067942127
1421067942130
1421067942131
1421067942133
1421067942134
1421067942136
1421067942137
1421067942138
1421067942140
1421067942141
1421067942142
1421067942144
1421067942145
1421067942147
1421067942148
1421067942149
1421067942150
1421067942152
1421067942153
1421067942154
1421067942155
1421067942157
1421067942158
1421067942159
1421067942160
1421067942161
1421067942163
1421067942164
1421067942165
1421067942166
1421067942168
1421067942169
1421067942170
1421067942171
1421067942172
1421067942174
1421067942175
1421067942176
1421067942177
1421067942179
1421067942180
1421067942181
1421067942182
1421067942183
1421067942185
1421067942186
1421067942187
1421067942188
1421067942190
1421067942191
1421067942192
1421067942193
1421067942194
1421067942195
1421067942196
1421067942197
1421067942198
1421067942199
1421067942200
1421067942201
1421067942202
1421067942203
1421067942205
1421067942206
1421067942208
1421067942209
1421067942210
1421067942212
1421067942213
1421067942214
1421067942216
1421067942217
1421067942219
1421067942219
1421067942220
1421067942221
1421067942223
1421067942224
1421067942225
1421067942227
1421067942228
1421067942230
1421067942231
1421067942233
1421067942234
1421067942235
1421067942237
1421067942238
1421067942239
1421067942241
1421067942242
1421067942244
1421067942245
1421067942246
1421067942248
1421067942249
1421067942250
1421067942252
1421067942253
1421067942255
1421067942256
1421067942257
1421067942258
1421067942260
1421067942261
1421067942263
1421067942264
1421067942266
1421067942267
1421067942268
1421067942269
1421067942270
1421067942271
1421067942272
1421067942273
1421067942275
1421067942276
1421067942277
1421067942278
1421067942280
1421067942281
1421067942282
1421067942283
1421067942284
1421067942286
1421067942287
1421067942288
1421067942289
1421067942291
1421067942292
1421067942293
1421067942294
1421067942295
1421067942297
1421067942298
1421067942299
1421067942300
1421067942301
1421067942303
1421067942304
1421067942305
1421067942306
1421067942308
1421067942309
1421067942310
1421067942313
1421067942314
1421067942315
1421067942317
1421067942318
1421067942320
1421067942321
1421067942323
1421067942324
1421067942325
1421067942326
1421067942328
1421067942329
1421067942331
1421067942332
1421067942333
1421067942334
1421067942335
1421067942336
1421067942337
1421067942339
1421067942340
1421067942342
1421067942343
1421067942344
1421067942346
1421067942347
1421067942348
1421067942350
1421067942051
1421067942055
1421067942056
1421067942057
1421067942058
1421067942059
1421067942063
1421067942068
1421067942069
1421067942072
1421067942073
1421067942074
1421067942075
1421067942076
1421067942077
1421067942079
1421067942080
1421067942081
1421067942082
1421067942083
1421067942084
1421067942085
1421067942087
1421067942088
1421067942089
1421067942090
1421067942092
1421067942093
1421067942094
1421067942095
1421067942096
1421067942097
1421067942099
1421067942100
1421067942101
1421067942102
1421067942104
1421067942105
1421067942106
1421067942107
1421067942108
1421067942109
1421067942111
1421067942113
1421067942114
1421067942115
1421067942116
1421067942117
1421067942118
1421067942119
1421067942120
1421067942122
1421067942124
1421067942125
1421067942126
1421067942128
1421067942130
1421067942131
1421067942135
1421067942136
1421067942137
1421067942138
1421067942141
1421067942142
1421067942145
1421067942147
1421067942149
1421067942150
1421067942152
1421067942154
1421067942159
1421067942160
1421067942161
1421067942163
1421067942164
1421067942165
1421067942166
1421067942167
1421067942168
1421067942170
1421067942171
1421067942172
1421067942174
1421067942175
1421067942176
1421067942177
1421067942179
1421067942180
1421067942181
1421067942182
1421067942183
1421067942184
1421067942186
1421067942188
1421067942190
1421067942191
1421067942192
1421067942193
1421067942194
1421067942195
1421067942196
1421067941679
1421067941681
1421067941682
1421067941696
1421067941697
1421067941700
1421067941704
1421067941708
1421067941711
1421067941713
1421067941718
1421067941719
1421067941720
1421067941721
1421067941723
1421067941727
1421067941728
1421067941731
1421067941732
1421067941734
1421067941738
1421067941742
1421067941747
1421067941750
1421067941760
1421067941767
1421067941771
1421067941772
1421067941775
1421067941778
1421067941782
1421067941783
1421067941790
1421067941793
1421067941797
1421067941800
1421067941806
1421067941809
1421067941811
1421067941816
1421067941820
1421067941822
1421067941825
1421067941827
1421067941830
1421067941836
1421067941838
1421067941840
1421067941843
1421067941846
1421067941851
1421067941854
1421067941856
1421067941857
1421067941868
1421067941870
1421067941873
1421067941876
1421067941878
1421067941879
1421067941880
1421067941889
1421067941891
1421067941902
1421067941934
1421067941935
1421067941939
1421067941942
1421067941944
1421067941948
1421067941949
1421067941953
1421067941955
1421067941956
1421067941959
1421067941962
1421067941965
1421067941969
1421067941970
1421067941973
1421067941974
1421067941976
1421067941979
1421067941982
1421067941985
1421067941992
1421067941996
1421067941998
1421067942000
1421067942003
1421067942005
1421067942008
1421067942010
1421067942011
1421067942014
1421067942021
1421067942022
1421067942025
1421067942026
1421067942030
1421067942031
1421067941688
1421067941689
1421067941691
1421067941698
1421067941699
1421067941701
1421067941705
1421067941709
1421067941712
1421067941714
1421067941717
1421067941722
1421067941724
1421067941726
1421067941730
1421067941733
1421067941735
1421067941736
1421067941737
1421067941740
1421067941741
1421067941748
1421067941751
1421067941752
1421067941756
1421067941763
1421067941770
1421067941774
1421067941779
1421067941780
1421067941788
1421067941789
1421067941791
1421067941792
1421067941798
1421067941799
1421067941804
1421067941807
1421067941808
1421067941813
1421067941814
1421067941815
1421067941818
1421067941821
1421067941823
1421067941824
1421067941826
1421067941829
1421067941832
1421067941834
1421067941835
1421067941837
1421067941841
1421067941842
1421067941847
1421067941853
1421067941858
1421067941859
1421067941866
1421067941869
1421067941872
1421067941875
1421067941877
1421067941886
1421067941893
1421067941896
1421067941901
1421067941903
1421067941911
1421067941914
1421067941915
1421067941916
1421067941919
1421067941921
1421067941926
1421067941930
1421067941933
1421067941940
1421067941947
1421067941951
1421067941954
1421067941957
1421067941958
1421067941961
1421067941966
1421067941972
1421067941983
1421067941988
1421067941991
1421067941993
1421067941994
1421067941995
1421067942002
1421067942006
1421067942007
1421067942012
1421067942013
1421067942020
1421067942029
1421067942032
1421067942034
1421067944399
1421067944400
1421067944401
1421067944402
1421067944403
1421067944405
1421067944406
1421067944408
1421067944409
1421067944410
1421067944411
1421067944412
1421067944413
1421067944415
1421067944416
1421067944417
1421067944418
1421067944419
1421067944420
1421067944421
1421067944422
1421067944423
1421067944424
1421067944426
1421067944427
1421067944428
1421067944429
1421067944430
1421067944431
1421067944432
1421067944433
1421067944434
1421067944435
1421067944436
1421067944438
1421067944439
1421067944440
1421067944441
1421067944442
1421067944443
1421067944444
1421067944445
1421067944446
1421067944447
1421067944448
1421067944449
1421067944450
1421067944451
1421067944453
1421067944454
1421067944456
1421067944457
1421067944458
1421067944459
1421067944460
1421067944461
1421067944462
1421067944464
1421067944465
1421067944466
1421067944467
1421067944468
1421067944469
1421067944470
1421067944471
1421067944472
1421067944473
1421067944475
1421067944476
1421067944478
1421067944479
1421067944480
1421067944481
1421067944482
1421067944483
1421067944484
1421067944486
1421067944487
1421067944489
1421067944490
1421067944491
1421067944492
1421067944494
1421067944495
1421067944496
1421067944498
1421067944499
1421067944500
1421067944501
1421067944502
1421067944503
1421067944504
1421067944505
1421067944506
1421067944508
1421067944509
1421067944511
1421067944512
1421067944513
1421067944514
1421067944515
1421067944398
1421067944399
1421067944400
1421067944401
1421067944402
1421067944403
1421067944404
1421067944405
1421067944406
1421067944408
1421067944409
1421067944410
1421067944411
1421067944412
1421067944413
1421067944414
1421067944415
1421067944416
1421067944417
1421067944418
1421067944419
1421067944420
1421067944421
1421067944422
1421067944423
1421067944424
1421067944425
1421067944426
1421067944427
1421067944428
1421067944429
1421067944430
1421067944431
1421067944432
1421067944433
1421067944434
1421067944435
1421067944436
1421067944438
1421067944439
1421067944440
1421067944441
1421067944442
1421067944443
1421067944444
1421067944445
1421067944446
1421067944447
1421067944448
1421067944449
1421067944450
1421067944451
1421067944452
1421067944453
1421067944454
1421067944456
1421067944457
1421067944458
1421067944459
1421067944460
1421067944461
1421067944462
1421067944464
1421067944465
1421067944466
1421067944467
1421067944468
1421067944469
1421067944470
1421067944471
1421067944472
1421067944473
1421067944475
1421067944476
1421067944477
1421067944478
1421067944479
1421067944480
1421067944481
1421067944482
1421067944483
1421067944484
1421067944486
1421067944487
1421067944488
1421067944489
1421067944490
1421067944491
1421067944492
1421067944493
1421067944494
1421067944495
1421067944496
1421067944498
1421067944499
1421067944500
1421067944501
1421067944502
1421067944503
1421067944504
1421067944505
1421067944398
1421067944399
1421067944400
1421067944401
1421067944402
1421067944403
1421067944405
1421067944406
1421067944408
1421067944409
1421067944410
1421067944412
1421067944413
1421067944415
1421067944416
1421067944417
1421067944418
1421067944419
1421067944420
1421067944421
1421067944423
1421067944424
1421067944426
1421067944427
1421067944428
1421067944429
1421067944431
1421067944432
1421067944434
1421067944435
1421067944439
1421067944440
1421067944442
1421067944443
1421067944445
1421067944446
1421067944447
1421067944449
1421067944450
1421067944451
1421067944453
1421067944454
1421067944456
1421067944457
1421067944458
1421067944460
1421067944461
1421067944464
1421067944465
1421067944467
1421067944468
1421067944469
1421067944471
1421067944472
1421067944475
1421067944476
1421067944478
1421067944479
1421067944480
1421067944481
1421067944482
1421067944483
1421067944486
1421067944487
1421067944489
1421067944490
1421067944491
1421067944492
1421067944494
1421067944495
1421067944498
1421067944499
1421067944500
1421067944501
1421067944502
1421067944503
1421067944504
1421067944505
1421067944506
1421067944509
1421067944511
1421067944512
1421067944513
1421067944514
1421067944515
1421067944517
1421067944519
1421067944520
1421067944521
1421067944522
1421067944523
1421067944524
1421067944525
1421067944526
1421067944528
1421067944529
1421067944530
1421067944531
1421067944532
1421067944533
1421067944536
1421067944396
1421067944407
1421067944437
1421067944455
1421067944463
1421067944474
1421067944485
1421067944497
1421067944505
1421067944506
1421067944508
1421067944509
1421067944511
1421067944512
1421067944513
1421067944514
1421067944515
1421067944516
1421067944517
1421067944519
1421067944520
1421067944521
1421067944522
1421067944523
1421067944524
1421067944525
1421067944526
1421067944528
1421067944529
1421067944530
1421067944531
1421067944532
1421067944533
1421067944535
1421067944536
1421067944537
1421067944538
1421067944539
1421067944540
1421067944541
1421067944542
1421067944543
1421067944544
1421067944546
1421067944547
1421067944549
1421067944550
1421067944551
1421067944552
1421067944553
1421067944554
1421067944555
1421067944557
1421067944558
1421067944559
1421067944561
1421067944562
1421067944563
1421067944564
1421067944565
1421067944566
1421067944568
1421067944569
1421067944570
1421067944571
1421067944572
1421067944573
1421067944574
1421067944575
1421067944576
1421067944577
1421067944579
1421067944580
1421067944581
1421067944582
1421067944583
1421067944584
1421067944585
1421067944586
1421067944587
1421067944588
1421067944591
1421067944592
1421067944593
1421067944594
1421067944595
1421067944596
1421067944597
1421067944598
1421067944599
1421067944600
1421067944601
1421067944602
1421067944604
1421067944605
1421067944606
1421067944607
1421067944609
1421067944610
1421067944611
1421067944612
1421067944404
1421067944407
1421067944414
1421067944425
1421067944437
1421067944452
1421067944455
1421067944463
1421067944474
1421067944477
1421067944485
1421067944488
1421067944493
1421067944497
1421067944507
1421067944510
1421067944515
1421067944517
1421067944519
1421067944520
1421067944521
1421067944522
1421067944523
1421067944524
1421067944525
1421067944526
1421067944528
1421067944529
1421067944530
1421067944532
1421067944533
1421067944536
1421067944538
1421067944539
1421067944540
1421067944542
1421067944543
1421067944544
1421067944547
1421067944549
1421067944550
1421067944551
1421067944552
1421067944554
1421067944555
1421067944558
1421067944559
1421067944561
1421067944562
1421067944563
1421067944565
1421067944566
1421067944569
1421067944570
1421067944571
1421067944572
1421067944573
1421067944575
1421067944576
1421067944577
1421067944580
1421067944581
1421067944582
1421067944583
1421067944584
1421067944586
1421067944587
1421067944588
1421067944591
1421067944592
1421067944593
1421067944594
1421067944595
1421067944597
1421067944598
1421067944599
1421067944600
1421067944601
1421067944602
1421067944604
1421067944606
1421067944607
1421067944609
1421067944611
1421067944612
1421067944613
1421067944614
1421067944615
1421067944616
1421067944617
1421067944618
1421067944640
1421067944641
1421067944642
1421067944644
1421067944645
1421067944646
1421067944647
1421067944648
1421067944651
1421067944652
1421067944516
1421067944518
1421067944527
1421067944531
1421067944534
1421067944535
1421067944537
1421067944541
1421067944545
1421067944546
1421067944548
1421067944553
1421067944556
1421067944557
1421067944560
1421067944564
1421067944567
1421067944568
1421067944574
1421067944578
1421067944579
1421067944585
1421067944589
1421067944590
1421067944596
1421067944603
1421067944605
1421067944608
1421067944610
1421067944643
1421067944649
1421067944650
1421067944653
1421067944654
1421067944655
1421067944656
1421067944664
1421067944665
1421067944666
1421067944667
1421067944668
1421067944669
1421067944670
1421067944671
1421067944672
1421067944673
1421067944674
1421067944675
1421067944676
1421067944677
1421067944678
1421067944680
1421067944681
1421067944682
1421067944683
1421067944684
1421067944685
1421067944686
1421067944687
1421067944688
1421067944689
1421067944690
1421067944691
1421067944692
1421067944693
1421067944729
1421067944731
1421067944732
1421067944735
1421067944736
1421067944737
1421067944738
1421067944739
1421067944740
1421067944741
1421067944742
1421067944743
1421067944744
1421067944745
1421067944770
1421067944771
1421067944772
1421067944773
1421067944774
1421067944775
1421067944777
1421067944778
1421067944779
1421067944780
1421067944781
1421067944782
1421067944783
1421067944784
1421067944785
1421067944786
1421067944787
1421067944788
1421067944789
1421067944790
1421067944791
1421067944792
1421067944404
1421067944407
1421067944411
1421067944414
1421067944422
1421067944425
1421067944430
1421067944433
1421067944436
1421067944437
1421067944438
1421067944441
1421067944444
1421067944448
1421067944452
1421067944455
1421067944459
1421067944462
1421067944463
1421067944466
1421067944470
1421067944473
1421067944474
1421067944477
1421067944484
1421067944485
1421067944488
1421067944493
1421067944496
1421067944497
1421067944507
1421067944508
1421067944510
1421067944516
1421067944518
1421067944527
1421067944534
1421067944535
1421067944536
1421067944539
1421067944543
1421067944544
1421067944547
1421067944550
1421067944551
1421067944554
1421067944555
1421067944558
1421067944559
1421067944561
1421067944562
1421067944565
1421067944566
1421067944569
1421067944572
1421067944577
1421067944580
1421067944583
1421067944588
1421067944591
1421067944594
1421067944598
1421067944599
1421067944600
1421067944601
1421067944604
1421067944607
1421067944611
1421067944612
1421067944613
1421067944615
1421067944617
1421067944618
1421067944641
1421067944644
1421067944646
1421067944648
1421067944651
1421067944652
1421067944655
1421067944656
1421067944666
1421067944667
1421067944670
1421067944673
1421067944674
1421067944677
1421067944678
1421067944680
1421067944681
1421067944684
1421067944685
1421067944688
1421067944689
1421067944691
1421067944692
1421067944693
1421067944731
1421067944735
1421067944736
1421067944742
1421067944537
1421067944538
1421067944540
1421067944541
1421067944542
1421067944545
1421067944546
1421067944548
1421067944549
1421067944552
1421067944553
1421067944556
1421067944557
1421067944560
1421067944563
1421067944564
1421067944567
1421067944568
1421067944570
1421067944571
1421067944573
1421067944574
1421067944575
1421067944576
1421067944578
1421067944579
1421067944581
1421067944582
1421067944584
1421067944585
1421067944586
1421067944587
1421067944589
1421067944590
1421067944592
1421067944593
1421067944595
1421067944596
1421067944597
1421067944602
1421067944603
1421067944605
1421067944606
1421067944608
1421067944609
1421067944610
1421067944614
1421067944616
1421067944642
1421067944643
1421067944645
1421067944647
1421067944649
1421067944650
1421067944653
1421067944654
1421067944665
1421067944668
1421067944669
1421067944671
1421067944672
1421067944675
1421067944676
1421067944679
1421067944682
1421067944683
1421067944686
1421067944687
1421067944690
1421067944729
1421067944730
1421067944732
1421067944737
1421067944738
1421067944739
1421067944740
1421067944741
1421067944397
1421067944679
1421067944730
1421067944776
1421067944396
1421067944397
1421067944398
1421067944399
1421067944400
1421067944401
1421067944402
1421067944403
1421067942384
1421067942385
1421067944507
1421067944510
1421067944518
1421067944527
1421067944534
1421067944545
1421067944548
1421067944556
1421067944560
1421067944567
1421067944578
1421067944589
1421067944590
1421067944603
1421067944608
1421067944613
1421067944614
1421067944615
1421067944616
1421067944617
1421067944618
1421067944640
1421067944641
1421067944642
1421067944643
1421067944644
1421067944645
1421067944646
1421067944647
1421067944648
1421067944649
1421067944650
1421067944651
1421067944652
1421067944653
1421067944654
1421067944655
1421067944656
1421067944664
1421067944665
1421067944666
1421067944667
1421067944668
1421067944669
1421067944670
1421067944671
1421067944672
1421067944673
1421067944674
1421067944675
1421067944676
1421067944677
1421067944678
1421067944679
1421067944680
1421067944681
1421067944682
1421067944683
1421067944684
1421067944685
1421067944686
1421067944687
1421067944688
1421067944689
1421067944690
1421067944691
1421067944692
1421067944693
1421067944729
1421067944730
1421067944731
1421067944732
1421067944735
1421067944736
1421067944737
1421067944738
1421067944739
1421067944740
1421067944741
1421067944742
1421067944743
1421067944744
1421067944745
1421067944770
1421067944771
1421067944772
1421067944773
1421067944774
1421067944775
1421067944776
1421067944777
1421067944778
1421067944779
1421067944780
1421067944781
1421067944782
