1421067892348
1421067892349
1421067892350
1421067892351
1421067892355
1421067892356
1421067892357
1421067892358
1421067892359
1421067892360
1421067892361
1421067892362
1421067892363
1421067892365
1421067892366
1421067892367
1421067892368
1421067892369
1421067892370
1421067892371
1421067892374
1421067892375
1421067892376
1421067892378
1421067892379
1421067892380
1421067892381
1421067892382
1421067892383
1421067892384
1421067892385
1421067892386
1421067892387
1421067892388
1421067892389
1421067892390
1421067892391
1421067892392
1421067892393
1421067892394
1421067892395
1421067892396
1421067892397
1421067892398
1421067892401
1421067892402
1421067892403
1421067892404
1421067892405
1421067892406
1421067892407
1421067892408
1421067892409
1421067892410
1421067892411
1421067892412
1421067892413
1421067892414
1421067892415
1421067892417
1421067892418
1421067892419
1421067892420
1421067892421
1421067892422
1421067892423
1421067892427
1421067892428
1421067892431
1421067892433
1421067892434
1421067892435
1421067892437
1421067892438
1421067892439
1421067892442
1421067892444
1421067892445
1421067892449
1421067892453
1421067892455
1421067892456
1421067892460
1421067892464
1421067892466
1421067892467
1421067892471
1421067892477
1421067892478
1421067892481
1421067892484
1421067892485
1421067892486
1421067892487
1421067892488
1421067892491
1421067892492
1421067892494
1421067892495
1421067892496
1421067892497
1421067892502
1421067892503
1421067892504
1421067892505
1421067892506
1421067892507
1421067892508
1421067892509
1421067892510
1421067892511
1421067892512
1421067892513
1421067892516
1421067892517
1421067892518
1421067892519
1421067892520
1421067892521
1421067892524
1421067892525
1421067892526
1421067892530
1421067892531
1421067892532
1421067892533
1421067892534
1421067892535
1421067892536
1421067892537
1421067892538
1421067892539
1421067892540
1421067892541
1421067892542
1421067892543
1421067892544
1421067892545
1421067892547
1421067892548
1421067892549
1421067892550
1421067892551
1421067892552
1421067892553
1421067892554
1421067892555
1421067892556
1421067892557
1421067892558
1421067892559
1421067892560
1421067892561
1421067892562
1421067892563
1421067892564
1421067892565
1421067892566
1421067892567
1421067892568
1421067892569
1421067892570
1421067892571
1421067892572
1421067892573
1421067892575
1421067892576
1421067892578
1421067892579
1421067892580
1421067892581
1421067892582
1421067892583
1421067892586
1421067892587
1421067892589
1421067892590
1421067892591
1421067892592
1421067892593
1421067892594
1421067892597
1421067892598
1421067892600
1421067892601
1421067892602
1421067892604
1421067892605
1421067892606
1421067892607
1421067892608
1421067892611
1421067892612
1421067892613
1421067892615
1421067892616
1421067892617
1421067892618
1421067892619
1421067892620
1421067892621
1421067892622
1421067892574
1421067892577
1421067892584
1421067892585
1421067892588
1421067892595
1421067892596
1421067892599
1421067892603
1421067892609
1421067892610
1421067892614
1421067892623
1421067892624
1421067892625
1421067892626
1421067892627
1421067892628
1421067892629
1421067892630
1421067892631
1421067892632
1421067892633
1421067892634
1421067892635
1421067892636
1421067892637
1421067892638
1421067892639
1421067892640
1421067892641
1421067892642
1421067892643
1421067892644
1421067892645
1421067892646
1421067892647
1421067892648
1421067892649
1421067892650
1421067892651
1421067892652
1421067892653
1421067892654
1421067892655
1421067892656
1421067892657
1421067892658
1421067892659
1421067892660
1421067892661
1421067892662
1421067892663
1421067892664
1421067892665
1421067892666
1421067892667
1421067892668
1421067892669
1421067892670
1421067892671
1421067892672
1421067892673
1421067892675
1421067892676
1421067892679
1421067892680
1421067892682
1421067892683
1421067892684
1421067892685
1421067892686
1421067892687
1421067892688
1421067892690
1421067892691
1421067892694
1421067892695
1421067892696
1421067892697
1421067892698
1421067892699
1421067892700
1421067892703
1421067892706
1421067892707
1421067892708
1421067892709
1421067892710
1421067892711
1421067892714
1421067892715
1421067892717
1421067892718
1421067892719
1421067892720
1421067892721
1421067892722
1421067892723
1421067892724
1421067892725
1421067892964
1421067892966
1421067892968
1421067892969
1421067892970
1421067892971
1421067892972
1421067892973
1421067892974
1421067892975
1421067892976
1421067892977
1421067892978
1421067892979
1421067892980
1421067892981
1421067892982
1421067892983
1421067892984
1421067892985
1421067892986
1421067892987
1421067892988
1421067892989
1421067892990
1421067892991
1421067892992
1421067892993
1421067892994
1421067892995
1421067892996
1421067892997
1421067892998
1421067892999
1421067893000
1421067893001
1421067893002
1421067893003
1421067893004
1421067893005
1421067893006
1421067893007
1421067893008
1421067893009
1421067893010
1421067893011
1421067893012
1421067893013
1421067893014
1421067893015
1421067893016
1421067893017
1421067893018
1421067893019
1421067893020
1421067893021
1421067893022
1421067893023
1421067893024
1421067893025
1421067893026
1421067893027
1421067893028
1421067893029
1421067893030
1421067893031
1421067893032
1421067893033
1421067893034
1421067893035
1421067893036
1421067893037
1421067893038
1421067893039
1421067893040
1421067893045
1421067893046
1421067893047
1421067893048
1421067893049
1421067893072
1421067893073
1421067893074
1421067893075
1421067893076
1421067893077
1421067893082
1421067893083
1421067893087
1421067893091
1421067893122
1421067893140
1421067893142
1421067893143
1421067893173
1421067893177
1421067893184
1421067893188
1421067893190
1421067893191
1421067893195
1421067893077
1421067893078
1421067893079
1421067893080
1421067893081
1421067893084
1421067893085
1421067893086
1421067893088
1421067893089
1421067893090
1421067893092
1421067893121
1421067893136
1421067893137
1421067893138
1421067893141
1421067893144
1421067893145
1421067893172
1421067893174
1421067893175
1421067893176
1421067893178
1421067893179
1421067893180
1421067893181
1421067893182
1421067893183
1421067893185
1421067893186
1421067893187
1421067893189
1421067893192
1421067893193
1421067893194
1421067893196
1421067893220
1421067893221
1421067893222
1421067893223
1421067893224
1421067893225
1421067893226
1421067893227
1421067893228
1421067893229
1421067893230
1421067893231
1421067893232
1421067893233
1421067893234
1421067893235
1421067893236
1421067893237
1421067893238
1421067893239
1421067893240
1421067893241
1421067893242
1421067893243
1421067893244
1421067893245
1421067893246
1421067893247
1421067893270
1421067893271
1421067893272
1421067893273
1421067893274
1421067893275
1421067893276
1421067893277
1421067893278
1421067893279
1421067893280
1421067893281
1421067893282
1421067893283
1421067893284
1421067893285
1421067893288
1421067893289
1421067893291
1421067893292
1421067893311
1421067893313
1421067893314
1421067893317
1421067893318
1421067893322
1421067893324
1421067893325
1421067893328
1421067893329
1421067893391
1421067893399
1421067893402
1421067893405
1421067893439
1421067893440
1421067893286
1421067893287
1421067893290
1421067893293
1421067893294
1421067893310
1421067893312
1421067893315
1421067893316
1421067893319
1421067893320
1421067893321
1421067893323
1421067893326
1421067893327
1421067893330
1421067893331
1421067893353
1421067893363
1421067893364
1421067893390
1421067893393
1421067893394
1421067893400
1421067893401
1421067893403
1421067893404
1421067893438
1421067893441
1421067893442
1421067893443
1421067893445
1421067893452
1421067893485
1421067893486
1421067893529
1421067893530
1421067893536
1421067893537
1421067893541
1421067893542
1421067893543
1421067893544
1421067893546
1421067893547
1421067893548
1421067893549
1421067893550
1421067893577
1421067893578
1421067893579
1421067893580
1421067893581
1421067893582
1421067893583
1421067893584
1421067893585
1421067893586
1421067893587
1421067893588
1421067893634
1421067893635
1421067893638
1421067893639
1421067893640
1421067893641
1421067893642
1421067893643
1421067893644
1421067893645
1421067893646
1421067893647
1421067893648
1421067893649
1421067893650
1421067893651
1421067893652
1421067893653
1421067893654
1421067893655
1421067893657
1421067893658
1421067893659
1421067893660
1421067893664
1421067893665
1421067893666
1421067893667
1421067893668
1421067893669
1421067893670
1421067893671
1421067893672
1421067893673
1421067893674
1421067893675
1421067893676
1421067893682
1421067893756
1421067893760
1421067893783
1421067893677
1421067893678
1421067893679
1421067893680
1421067893681
1421067893683
1421067893684
1421067893685
1421067893686
1421067893687
1421067893688
1421067893689
1421067893690
1421067893691
1421067893692
1421067893742
1421067893743
1421067893744
1421067893745
1421067893746
1421067893747
1421067893748
1421067893749
1421067893750
1421067893751
1421067893752
1421067893753
1421067893754
1421067893755
1421067893757
1421067893758
1421067893759
1421067893761
1421067893762
1421067893763
1421067893764
1421067893765
1421067893774
1421067893775
1421067893776
1421067893777
1421067893778
1421067893779
1421067893780
1421067893781
1421067893782
1421067893785
1421067893786
1421067893787
1421067893788
1421067893789
1421067893791
1421067893792
1421067893793
1421067893794
1421067893795
1421067893796
1421067893797
1421067893798
1421067893799
1421067893800
1421067893815
1421067893816
1421067893817
1421067893818
1421067893819
1421067893820
1421067893821
1421067893822
1421067893823
1421067893824
1421067893825
1421067893826
1421067893827
1421067893828
1421067893829
1421067893830
1421067893831
1421067893832
1421067893833
1421067893861
1421067893871
1421067893872
1421067893873
1421067893874
1421067893875
1421067893877
1421067893878
1421067893879
1421067893880
1421067893881
1421067893882
1421067893883
1421067893884
1421067893885
1421067893886
1421067893887
1421067893888
1421067893889
1421067893890
1421067893891
1421067892726
1421067892727
1421067892728
1421067892729
1421067892730
1421067892731
1421067892732
1421067892733
1421067892734
1421067892735
1421067892736
1421067892737
1421067892738
1421067892739
1421067892740
1421067892741
1421067892742
1421067892743
1421067892744
1421067892745
1421067892746
1421067892747
1421067892748
1421067892749
1421067892750
1421067892751
1421067892752
1421067892753
1421067892754
1421067892755
1421067892756
1421067892757
1421067892758
1421067892759
1421067892760
1421067892761
1421067892762
1421067892763
1421067892764
1421067892765
1421067892766
1421067892767
1421067892768
1421067892769
1421067892770
1421067892771
1421067892772
1421067892773
1421067892774
1421067892775
1421067892776
1421067892777
1421067892778
1421067892779
1421067892780
1421067892781
1421067892782
1421067892783
1421067892784
1421067892785
1421067892786
1421067892787
1421067892788
1421067892789
1421067892790
1421067892791
1421067892792
1421067892793
1421067892794
1421067892795
1421067892796
1421067892797
1421067892798
1421067892799
1421067892800
1421067892801
1421067892802
1421067892803
1421067892807
1421067892813
1421067892814
1421067892817
1421067892818
1421067892823
1421067892829
1421067892834
1421067892840
1421067892845
1421067892851
1421067892856
1421067892858
1421067892862
1421067892866
1421067892867
1421067892869
1421067892870
1421067892871
1421067892873
1421067892877
1421067892882
1421067892885
1421067895027
1421067895029
1421067895030
1421067895035
1421067895037
1421067895039
1421067895040
1421067895041
1421067895042
1421067895043
1421067895044
1421067895048
1421067895049
1421067895050
1421067895051
1421067895052
1421067895053
1421067895054
1421067895055
1421067895061
1421067895062
1421067895063
1421067895064
1421067895065
1421067895066
1421067895067
1421067895068
1421067895072
1421067895074
1421067895075
1421067895077
1421067895078
1421067895080
1421067895081
1421067895083
1421067895084
1421067895085
1421067895086
1421067895087
1421067895088
1421067895090
1421067895091
1421067895092
1421067895093
1421067895094
1421067895095
1421067895096
1421067895097
1421067895098
1421067895099
1421067895101
1421067895102
1421067895103
1421067895104
1421067895105
1421067895106
1421067895108
1421067895110
1421067895112
1421067895113
1421067895114
1421067895115
1421067895116
1421067895117
1421067895118
1421067895119
1421067895120
1421067895123
1421067895124
1421067895125
1421067895127
1421067895130
1421067895131
1421067895134
1421067895136
1421067895138
1421067895139
1421067895145
1421067895152
1421067895153
1421067895160
1421067895164
1421067895166
1421067895167
1421067895169
1421067895170
1421067895171
1421067895174
1421067895181
1421067895182
1421067895185
1421067895188
1421067895189
1421067895192
1421067895195
1421067895198
1421067895200
1421067895207
1421067895210
1421067895214
1421067895218
1421067895028
1421067895029
1421067895031
1421067895032
1421067895033
1421067895035
1421067895036
1421067895037
1421067895038
1421067895039
1421067895040
1421067895041
1421067895042
1421067895043
1421067895044
1421067895046
1421067895047
1421067895048
1421067895049
1421067895050
1421067895051
1421067895054
1421067895055
1421067895061
1421067895062
1421067895063
1421067895067
1421067895068
1421067895072
1421067895073
1421067895074
1421067895075
1421067895077
1421067895078
1421067895079
1421067895080
1421067895082
1421067895083
1421067895084
1421067895085
1421067895086
1421067895087
1421067895088
1421067895089
1421067895091
1421067895092
1421067895094
1421067895095
1421067895097
1421067895098
1421067895099
1421067895100
1421067895101
1421067895102
1421067895103
1421067895104
1421067895106
1421067895107
1421067895108
1421067895110
1421067895111
1421067895112
1421067895113
1421067895114
1421067895115
1421067895116
1421067895117
1421067895118
1421067895119
1421067895120
1421067895122
1421067895123
1421067895124
1421067895125
1421067895126
1421067895127
1421067895128
1421067895134
1421067895135
1421067895139
1421067895140
1421067895143
1421067895144
1421067895146
1421067895150
1421067895151
1421067895152
1421067895154
1421067895155
1421067895158
1421067895160
1421067895162
1421067895163
1421067895165
1421067895166
1421067895168
1421067895169
1421067895189
1421067895210
1421067895236
1421067895238
1421067895170
1421067895171
1421067895172
1421067895176
1421067895177
1421067895183
1421067895185
1421067895186
1421067895188
1421067895190
1421067895192
1421067895193
1421067895194
1421067895195
1421067895196
1421067895197
1421067895198
1421067895199
1421067895200
1421067895202
1421067895207
1421067895209
1421067895211
1421067895212
1421067895214
1421067895215
1421067895216
1421067895217
1421067895218
1421067895219
1421067895220
1421067895222
1421067895225
1421067895227
1421067895228
1421067895229
1421067895230
1421067895232
1421067895234
1421067895235
1421067895237
1421067895242
1421067895245
1421067895247
1421067895248
1421067895249
1421067895251
1421067895252
1421067895253
1421067895256
1421067895257
1421067895258
1421067895259
1421067895261
1421067895264
1421067895265
1421067895266
1421067895267
1421067895268
1421067895271
1421067895272
1421067895273
1421067895274
1421067895278
1421067895279
1421067895280
1421067895282
1421067895283
1421067895284
1421067895285
1421067895286
1421067895289
1421067895291
1421067895292
1421067895293
1421067895294
1421067895295
1421067895296
1421067895298
1421067895299
1421067895302
1421067895303
1421067895304
1421067895305
1421067895306
1421067895308
1421067895309
1421067895311
1421067895314
1421067895316
1421067895319
1421067895322
1421067895327
1421067895336
1421067895340
1421067895344
1421067895347
1421067895355
1421067895359
1421067895362
1421067895366
1421067895121
1421067895126
1421067895128
1421067895129
1421067895132
1421067895133
1421067895135
1421067895137
1421067895143
1421067895144
1421067895150
1421067895151
1421067895157
1421067895162
1421067895173
1421067895175
1421067895180
1421067895183
1421067895186
1421067895190
1421067895193
1421067895194
1421067895197
1421067895201
1421067895202
1421067895208
1421067895216
1421067895219
1421067895222
1421067895226
1421067895227
1421067895228
1421067895229
1421067895231
1421067895233
1421067895234
1421067895235
1421067895236
1421067895237
1421067895238
1421067895239
1421067895240
1421067895241
1421067895242
1421067895246
1421067895247
1421067895248
1421067895251
1421067895252
1421067895254
1421067895255
1421067895256
1421067895257
1421067895258
1421067895259
1421067895260
1421067895262
1421067895263
1421067895267
1421067895268
1421067895269
1421067895270
1421067895271
1421067895272
1421067895274
1421067895279
1421067895280
1421067895281
1421067895282
1421067895283
1421067895284
1421067895285
1421067895286
1421067895287
1421067895289
1421067895291
1421067895292
1421067895293
1421067895294
1421067895295
1421067895297
1421067895298
1421067895303
1421067895304
1421067895306
1421067895307
1421067895308
1421067895309
1421067895310
1421067895311
1421067895312
1421067895313
1421067895316
1421067895319
1421067895336
1421067895347
1421067895359
1421067895366
1421067895373
1421067895377
1421067895384
1421067895025
1421067895028
1421067895029
1421067895034
1421067895035
1421067895040
1421067895041
1421067895042
1421067895043
1421067895044
1421067895049
1421067895050
1421067895055
1421067895059
1421067895062
1421067895063
1421067895064
1421067895065
1421067895066
1421067895068
1421067895069
1421067895076
1421067895077
1421067895081
1421067895082
1421067895085
1421067895086
1421067895088
1421067895090
1421067895091
1421067895092
1421067895094
1421067895095
1421067895096
1421067895097
1421067895102
1421067895103
1421067895107
1421067895110
1421067895113
1421067895114
1421067895115
1421067895116
1421067895117
1421067895118
1421067895119
1421067895120
1421067895121
1421067895122
1421067895123
1421067895124
1421067895125
1421067895126
1421067895127
1421067895135
1421067895139
1421067895143
1421067895145
1421067895146
1421067895147
1421067895152
1421067895153
1421067895156
1421067895157
1421067895160
1421067895161
1421067895164
1421067895166
1421067895168
1421067895169
1421067895170
1421067895171
1421067895175
1421067895176
1421067895177
1421067895180
1421067895187
1421067895188
1421067895189
1421067895193
1421067895195
1421067895197
1421067895198
1421067895200
1421067895202
1421067895208
1421067895209
1421067895210
1421067895211
1421067895214
1421067895217
1421067895219
1421067895220
1421067895226
1421067895247
1421067895279
1421067895319
1421067895347
1421067895373
1421067895384
1421067895398
1421067895312
1421067895313
1421067895315
1421067895317
1421067895318
1421067895324
1421067895326
1421067895328
1421067895329
1421067895330
1421067895331
1421067895332
1421067895333
1421067895334
1421067895337
1421067895338
1421067895339
1421067895341
1421067895343
1421067895346
1421067895348
1421067895349
1421067895350
1421067895354
1421067895356
1421067895357
1421067895358
1421067895360
1421067895361
1421067895363
1421067895364
1421067895365
1421067895367
1421067895368
1421067895369
1421067895370
1421067895371
1421067895373
1421067895374
1421067895376
1421067895377
1421067895378
1421067895379
1421067895380
1421067895381
1421067895382
1421067895383
1421067895384
1421067895385
1421067895386
1421067895387
1421067895388
1421067895389
1421067895390
1421067895391
1421067895393
1421067895394
1421067895395
1421067895396
1421067895397
1421067895398
1421067895399
1421067895400
1421067895401
1421067895402
1421067895403
1421067895404
1421067895405
1421067895406
1421067895407
1421067895408
1421067895445
1421067895446
1421067895447
1421067895448
1421067895450
1421067895452
1421067895453
1421067895454
1421067895456
1421067895457
1421067895458
1421067895459
1421067895460
1421067895461
1421067895463
1421067895464
1421067895465
1421067895496
1421067895498
1421067895499
1421067895500
1421067895568
1421067895569
1421067895607
1421067895608
1421067895671
1421067895673
1421067895674
1421067895677
1421067895678
1421067895314
1421067895315
1421067895320
1421067895322
1421067895324
1421067895325
1421067895326
1421067895327
1421067895328
1421067895329
1421067895330
1421067895331
1421067895332
1421067895333
1421067895334
1421067895337
1421067895338
1421067895339
1421067895340
1421067895341
1421067895342
1421067895344
1421067895346
1421067895348
1421067895349
1421067895350
1421067895351
1421067895354
1421067895356
1421067895357
1421067895358
1421067895361
1421067895362
1421067895363
1421067895364
1421067895365
1421067895367
1421067895368
1421067895369
1421067895370
1421067895371
1421067895372
1421067895374
1421067895376
1421067895378
1421067895379
1421067895380
1421067895381
1421067895382
1421067895383
1421067895386
1421067895387
1421067895388
1421067895389
1421067895390
1421067895391
1421067895392
1421067895393
1421067895394
1421067895395
1421067895397
1421067895398
1421067895401
1421067895402
1421067895403
1421067895404
1421067895406
1421067895445
1421067895447
1421067895448
1421067895450
1421067895452
1421067895453
1421067895454
1421067895458
1421067895459
1421067895460
1421067895461
1421067895463
1421067895464
1421067895465
1421067895496
1421067895498
1421067895499
1421067895500
1421067895569
1421067895607
1421067895608
1421067895671
1421067895673
1421067895677
1421067895678
1421067895682
1421067895683
1421067895684
1421067895685
1421067895690
1421067895691
1421067895692
1421067895695
1421067895696
1421067895220
1421067895222
1421067895229
1421067895230
1421067895233
1421067895234
1421067895235
1421067895237
1421067895242
1421067895248
1421067895249
1421067895251
1421067895254
1421067895255
1421067895259
1421067895260
1421067895261
1421067895262
1421067895266
1421067895271
1421067895274
1421067895283
1421067895285
1421067895286
1421067895292
1421067895294
1421067895297
1421067895302
1421067895304
1421067895307
1421067895309
1421067895310
1421067895312
1421067895313
1421067895314
1421067895318
1421067895320
1421067895321
1421067895323
1421067895327
1421067895330
1421067895331
1421067895334
1421067895335
1421067895337
1421067895338
1421067895339
1421067895340
1421067895341
1421067895343
1421067895346
1421067895349
1421067895354
1421067895358
1421067895359
1421067895361
1421067895362
1421067895363
1421067895364
1421067895366
1421067895367
1421067895368
1421067895369
1421067895370
1421067895371
1421067895374
1421067895376
1421067895377
1421067895379
1421067895380
1421067895381
1421067895382
1421067895383
1421067895385
1421067895386
1421067895388
1421067895390
1421067895391
1421067895393
1421067895394
1421067895395
1421067895396
1421067895397
1421067895399
1421067895400
1421067895401
1421067895402
1421067895403
1421067895404
1421067895406
1421067895452
1421067895456
1421067895459
1421067895496
1421067895691
1421067895698
1421067895769
1421067895939
1421067895986
1421067896031
1421067896032
1421067895405
1421067895445
1421067895447
1421067895449
1421067895450
1421067895451
1421067895453
1421067895455
1421067895457
1421067895458
1421067895460
1421067895461
1421067895462
1421067895463
1421067895464
1421067895498
1421067895499
1421067895501
1421067895568
1421067895569
1421067895606
1421067895607
1421067895608
1421067895674
1421067895679
1421067895683
1421067895684
1421067895685
1421067895686
1421067895692
1421067895694
1421067895695
1421067895697
1421067895699
1421067895700
1421067895726
1421067895727
1421067895728
1421067895730
1421067895735
1421067895770
1421067895771
1421067895772
1421067895773
1421067895810
1421067895811
1421067895812
1421067895813
1421067895814
1421067895824
1421067895826
1421067895827
1421067895828
1421067895829
1421067895930
1421067895931
1421067895937
1421067895938
1421067895942
1421067895943
1421067895944
1421067895950
1421067895951
1421067895983
1421067895984
1421067895985
1421067895987
1421067895988
1421067895989
1421067896030
1421067896034
1421067896039
1421067896040
1421067896042
1421067896047
1421067896064
1421067896067
1421067896068
1421067896072
1421067896106
1421067896109
1421067896111
1421067896115
1421067896117
1421067896121
1421067896122
1421067896126
1421067896128
1421067896152
1421067896155
1421067896158
1421067896159
1421067896162
1421067896163
1421067896165
1421067896168
1421067896169
1421067896170
1421067896173
1421067896174
1421067896176
1421067895449
1421067895451
1421067895455
1421067895462
1421067895466
1421067895497
1421067895501
1421067895605
1421067895606
1421067895672
1421067895675
1421067895678
1421067895679
1421067895682
1421067895683
1421067895684
1421067895685
1421067895686
1421067895687
1421067895688
1421067895689
1421067895690
1421067895691
1421067895692
1421067895693
1421067895694
1421067895695
1421067895698
1421067895699
1421067895726
1421067895727
1421067895728
1421067895729
1421067895730
1421067895734
1421067895735
1421067895768
1421067895769
1421067895770
1421067895771
1421067895772
1421067895773
1421067895810
1421067895811
1421067895812
1421067895813
1421067895814
1421067895815
1421067895823
1421067895824
1421067895826
1421067895827
1421067895828
1421067895829
1421067895930
1421067895931
1421067895932
1421067895937
1421067895938
1421067895939
1421067895940
1421067895941
1421067895942
1421067895943
1421067895944
1421067895945
1421067895950
1421067895951
1421067895981
1421067895982
1421067895983
1421067895984
1421067895985
1421067895986
1421067895987
1421067895989
1421067896029
1421067896030
1421067896031
1421067896032
1421067896033
1421067896035
1421067896036
1421067896037
1421067896038
1421067896039
1421067896040
1421067896041
1421067896043
1421067896044
1421067896045
1421067896047
1421067896062
1421067896064
1421067896067
1421067896104
1421067896109
1421067896111
1421067896115
1421067896122
1421067896126
1421067896038
1421067896041
1421067896043
1421067896044
1421067896045
1421067896046
1421067896048
1421067896063
1421067896066
1421067896069
1421067896070
1421067896071
1421067896105
1421067896107
1421067896108
1421067896112
1421067896113
1421067896114
1421067896116
1421067896118
1421067896119
1421067896120
1421067896123
1421067896124
1421067896125
1421067896127
1421067896129
1421067896150
1421067896151
1421067896153
1421067896154
1421067896156
1421067896157
1421067896160
1421067896161
1421067896164
1421067896166
1421067896167
1421067896171
1421067896172
1421067896175
1421067896177
1421067896179
1421067896180
1421067896181
1421067896182
1421067896183
1421067896184
1421067896185
1421067896186
1421067896187
1421067896188
1421067896189
1421067896190
1421067896191
1421067896192
1421067896193
1421067896194
1421067896195
1421067896196
1421067896197
1421067896198
1421067896199
1421067896200
1421067896202
1421067896203
1421067896204
1421067896205
1421067896207
1421067896208
1421067896209
1421067896210
1421067896211
1421067896212
1421067896214
1421067896215
1421067896217
1421067896222
1421067896223
1421067896224
1421067896225
1421067896226
1421067896227
1421067896228
1421067896229
1421067896230
1421067896231
1421067896232
1421067896233
1421067896234
1421067896235
1421067896236
1421067896237
1421067896238
1421067896239
1421067896240
1421067896241
1421067896242
1421067896243
1421067896244
1421067896245
1421067896178
1421067896201
1421067896206
1421067896213
1421067896216
1421067896246
1421067896247
1421067896248
1421067896249
1421067896250
1421067896251
1421067896252
1421067896253
1421067896254
1421067896255
1421067896256
1421067896257
1421067896258
1421067896259
1421067896260
1421067896261
1421067896262
1421067896263
1421067896264
1421067896265
1421067896266
1421067896267
1421067896268
1421067896269
1421067896270
1421067896271
1421067896272
1421067896273
1421067896274
1421067896275
1421067896276
1421067896277
1421067896278
1421067896279
1421067896280
1421067896281
1421067896282
1421067896283
1421067896284
1421067896285
1421067896286
1421067896287
1421067896288
1421067896289
1421067896290
1421067896291
1421067896292
1421067896293
1421067896294
1421067896295
1421067896296
1421067896297
1421067896298
1421067896299
1421067896300
1421067896301
1421067896302
1421067896303
1421067896304
1421067896305
1421067896306
1421067896307
1421067896308
1421067896309
1421067896310
1421067896311
1421067896312
1421067896317
1421067896321
1421067896322
1421067896325
1421067896327
1421067896328
1421067896330
1421067896334
1421067896335
1421067896337
1421067896341
1421067896343
1421067896345
1421067896346
1421067896348
1421067896350
1421067896355
1421067896356
1421067896357
1421067896359
1421067896360
1421067896361
1421067896362
1421067896365
1421067896367
1421067896368
1421067896372
1421067896373
1421067896376
1421067896313
1421067896314
1421067896315
1421067896316
1421067896319
1421067896320
1421067896323
1421067896324
1421067896326
1421067896329
1421067896331
1421067896332
1421067896333
1421067896336
1421067896338
1421067896339
1421067896340
1421067896342
1421067896344
1421067896347
1421067896349
1421067896351
1421067896352
1421067896353
1421067896358
1421067896363
1421067896364
1421067896366
1421067896369
1421067896370
1421067896371
1421067896374
1421067896375
1421067896377
1421067896378
1421067896379
1421067896380
1421067896381
1421067896382
1421067896383
1421067896384
1421067896385
1421067896386
1421067896387
1421067896388
1421067896389
1421067896390
1421067896391
1421067896392
1421067896393
1421067896394
1421067896395
1421067896396
1421067896397
1421067896398
1421067896399
1421067896400
1421067896401
1421067896402
1421067896403
1421067896404
1421067896405
1421067896406
1421067896407
1421067896408
1421067896409
1421067896410
1421067896411
1421067896412
1421067896413
1421067896414
1421067896415
1421067896416
1421067896417
1421067896418
1421067896419
1421067896420
1421067896421
1421067896422
1421067896423
1421067896424
1421067896425
1421067896426
1421067896427
1421067896428
1421067896429
1421067896430
1421067896431
1421067896432
1421067896433
1421067896434
1421067896435
1421067896436
1421067896437
1421067896438
1421067896439
1421067896440
1421067896441
1421067896442
1421067896443
1421067896474
1421067895396
1421067895399
1421067895400
1421067895405
1421067895407
1421067895449
1421067895451
1421067895455
1421067895462
1421067895466
1421067895497
1421067895501
1421067895568
1421067895605
1421067895606
1421067895672
1421067895686
1421067895696
1421067895697
1421067895698
1421067895699
1421067895726
1421067895727
1421067895728
1421067895729
1421067895730
1421067895734
1421067895735
1421067895736
1421067895768
1421067895770
1421067895771
1421067895772
1421067895773
1421067895810
1421067895811
1421067895812
1421067895813
1421067895814
1421067895824
1421067895825
1421067895826
1421067895827
1421067895828
1421067895829
1421067895929
1421067895930
1421067895931
1421067895932
1421067895937
1421067895938
1421067895939
1421067895940
1421067895941
1421067895942
1421067895943
1421067895946
1421067895947
1421067895948
1421067895949
1421067895951
1421067895981
1421067895982
1421067895983
1421067895984
1421067895986
1421067895988
1421067895989
1421067896029
1421067896030
1421067896031
1421067896032
1421067896033
1421067896034
1421067896035
1421067896036
1421067896037
1421067896038
1421067896039
1421067896040
1421067896041
1421067896042
1421067896044
1421067896045
1421067896046
1421067896047
1421067896048
1421067896049
1421067896063
1421067896064
1421067896066
1421067896067
1421067896068
1421067896069
1421067896071
1421067896101
1421067896102
1421067896103
1421067896104
1421067896105
1421067896106
1421067892965
1421067892966
1421067892962
1421067892963
1421067892964
1421067892965
1421067892966
1421067895033
1421067895034
1421067892967
1421067896043
1421067896070
1421067895029
1421067895033
1421067895037
1421067895038
1421067895039
1421067895040
1421067895041
1421067892779
1421067895040
1421067895041
1421067896046
1421067896048
1421067896049
1421067896065
1421067896066
1421067896068
1421067896069
1421067896070
1421067896071
1421067896101
1421067896102
1421067896103
1421067896105
1421067896106
1421067896107
1421067896108
1421067896112
1421067896114
1421067896116
1421067896117
1421067896118
1421067896119
1421067896120
1421067896121
1421067896123
1421067896124
1421067896125
1421067896127
1421067896128
1421067896129
1421067896149
1421067896150
1421067896151
1421067896152
1421067896153
1421067896154
1421067896155
1421067896156
1421067896157
1421067896158
1421067896159
1421067896160
1421067896161
1421067896162
1421067896163
1421067896164
1421067896165
1421067896166
1421067896167
1421067896168
1421067896169
1421067896170
1421067896171
1421067896172
1421067896173
1421067896174
1421067896175
1421067896176
1421067896177
1421067896178
1421067896179
1421067896180
1421067896181
1421067896182
1421067896183
1421067896184
1421067896185
1421067896186
1421067896443
1421067896444
1421067896445
1421067896446
1421067896447
1421067896448
1421067896449
1421067896450
1421067896451
1421067896452
1421067896453
1421067896454
1421067896455
1421067896456
1421067896457
1421067896458
1421067896459
1421067896460
1421067896461
1421067896462
1421067896463
1421067896464
1421067896465
1421067896466
1421067896467
1421067896468
1421067896469
1421067896470
1421067896471
1421067896472
1421067896473
1421067896475
1421067896476
1421067896477
1421067896478
1421067896479
1421067896480
1421067896481
1421067896482
1421067896483
1421067896484
1421067896485
1421067896486
1421067896487
1421067896488
1421067896489
1421067896490
1421067896491
1421067896492
1421067896493
1421067896494
1421067896495
1421067892778
1421067892779
1421067892780
1421067892781
1421067892779
1421067892780
1421067892781
1421067893891
1421067893892
1421067893893
1421067893894
1421067893895
1421067893897
1421067893898
1421067893899
1421067893900
1421067893911
1421067893912
1421067893913
1421067893914
1421067893915
1421067893916
1421067893917
1421067893918
1421067893919
1421067893920
1421067893921
1421067893922
1421067893923
1421067893924
1421067893925
1421067893926
1421067893927
1421067893928
1421067893929
1421067893930
1421067893931
1421067893932
1421067893933
1421067893934
1421067893935
1421067893936
1421067893937
1421067893938
1421067893939
1421067893940
1421067893941
1421067893942
1421067893943
1421067893955
1421067893956
1421067893957
1421067893958
