1421127697925
1421127697930
1421127697934
1421127697937
1421127697939
1421127697942
1421127697944
1421127697947
1421127697949
1421127697952
1421127697954
1421127697956
1421127697958
1421127697959
1421127697960
1421127697961
1421127697962
1421127697963
1421127697964
1421127697965
1421127697966
1421127697967
1421127697968
1421127697969
1421127697970
1421127697971
1421127697972
1421127697973
1421127697974
1421127697975
1421127697976
1421127697977
1421127697978
1421127697979
1421127697980
1421127697981
1421127697982
1421127697983
1421127697984
1421127697985
1421127697986
1421127697987
1421127697988
1421127697989
1421127697990
1421127697991
1421127697992
1421127697993
1421127697994
1421127697995
1421127697996
1421127697997
1421127697998
1421127697999
1421127698000
1421127698001
1421127698002
1421127698003
1421127698004
1421127698005
1421127698006
1421127698007
1421127698008
1421127698009
1421127698010
1421127698011
1421127698012
1421127698013
1421127698014
1421127698015
1421127698016
1421127698017
1421127698018
1421127698019
1421127698020
1421127698021
1421127698022
1421127698023
1421127698024
1421127698025
1421127698026
1421127698027
1421127698028
1421127698035
1421127698036
1421127698037
1421127698038
1421127698039
1421127698040
1421127698041
1421127698042
1421127698043
1421127698044
1421127698045
1421127698046
1421127698047
1421127698048
1421127698049
1421127698050
1421127698059
1421127698062
1421127708816
1421127708827
1421127708836
1421127708848
1421127708857
1421127708859
1421127708860
1421127708862
1421127708864
1421127708865
1421127708867
1421127708869
1421127708871
1421127708873
1421127708874
1421127708876
1421127708878
1421127708879
1421127708881
1421127708883
1421127708884
1421127708886
1421127708888
1421127708890
1421127708891
1421127708893
1421127708895
1421127708897
1421127708899
1421127708901
1421127708903
1421127708905
1421127708907
1421127708909
1421127708911
1421127708913
1421127708915
1421127708917
1421127708919
1421127708921
1421127708923
1421127708925
1421127708927
1421127708928
1421127708930
1421127708932
1421127708934
1421127708935
1421127708937
1421127708938
1421127708940
1421127708942
1421127708945
1421127708947
1421127708949
1421127708952
1421127708954
1421127708956
1421127708958
1421127708960
1421127708962
1421127708963
1421127708965
1421127708967
1421127708969
1421127708970
1421127708972
1421127708974
1421127708975
1421127708977
1421127708979
1421127708980
1421127708982
1421127708984
1421127708985
1421127708987
1421127708989
1421127708990
1421127708992
1421127708994
1421127708996
1421127708997
1421127708999
1421127709000
1421127709002
1421127709004
1421127709006
1421127709007
1421127709009
1421127709010
1421127709012
1421127709013
1421127709015
1421127709016
1421127709018
1421127709020
1421127709021
1421127709023
1421127709024
1421127709026
1421127709027
1421127708762
1421127708767
1421127708773
1421127708775
1421127708778
1421127708780
1421127708784
1421127708789
1421127708796
1421127708798
1421127708801
1421127708803
1421127708805
1421127708806
1421127708808
1421127708810
1421127708812
1421127708815
1421127708817
1421127708820
1421127708822
1421127708824
1421127708826
1421127708829
1421127708831
1421127708833
1421127708835
1421127708838
1421127708840
1421127708843
1421127708845
1421127708847
1421127708850
1421127708853
1421127708855
1421127708858
1421127708860
1421127708863
1421127708865
1421127708867
1421127708870
1421127708872
1421127708874
1421127708879
1421127708881
1421127708882
1421127708884
1421127708886
1421127708888
1421127708890
1421127708893
1421127708895
1421127708897
1421127708900
1421127708902
1421127708905
1421127708907
1421127708909
1421127708911
1421127708912
1421127708914
1421127708917
1421127708919
1421127708920
1421127708922
1421127708924
1421127708926
1421127708928
1421127708936
1421127708939
1421127708942
1421127708946
1421127708949
1421127708952
1421127708956
1421127708959
1421127708962
1421127708966
1421127708969
1421127708972
1421127708975
1421127708979
1421127708982
1421127708985
1421127708988
1421127708992
1421127708995
1421127708998
1421127709001
1421127709005
1421127709008
1421127709011
1421127709014
1421127709015
1421127709034
1421127709037
1421127709044
1421127709049
1421127709052
1421127709056
1421127709061
1421127708763
1421127708765
1421127708767
1421127708770
1421127708772
1421127708774
1421127708776
1421127708779
1421127708781
1421127708783
1421127708785
1421127708787
1421127708792
1421127708794
1421127708797
1421127708802
1421127708804
1421127708806
1421127708809
1421127708811
1421127708813
1421127708816
1421127708818
1421127708821
1421127708823
1421127708825
1421127708827
1421127708830
1421127708832
1421127708834
1421127708836
1421127708839
1421127708841
1421127708844
1421127708846
1421127708849
1421127708851
1421127708854
1421127708856
1421127708859
1421127708861
1421127708863
1421127708866
1421127708868
1421127708870
1421127708873
1421127708875
1421127708880
1421127708882
1421127708885
1421127708887
1421127708889
1421127708891
1421127708893
1421127708896
1421127708898
1421127708901
1421127708903
1421127708906
1421127708908
1421127708910
1421127708913
1421127708916
1421127708918
1421127708920
1421127708922
1421127708924
1421127708927
1421127708934
1421127708937
1421127708940
1421127708944
1421127708947
1421127708950
1421127708953
1421127708957
1421127708960
1421127708963
1421127708967
1421127708970
1421127708973
1421127708977
1421127708980
1421127708983
1421127708986
1421127708990
1421127708993
1421127708996
1421127708999
1421127709003
1421127709006
1421127709009
1421127709012
1421127709016
1421127709019
1421127709022
1421127709025
1421127709026
1421127709029
1421127709082
1421127709085
1421127709027
1421127709029
1421127709030
1421127709032
1421127709033
1421127709034
1421127709036
1421127709037
1421127709039
1421127709040
1421127709042
1421127709044
1421127709045
1421127709047
1421127709048
1421127709050
1421127709051
1421127709053
1421127709054
1421127709055
1421127709057
1421127709059
1421127709061
1421127709063
1421127709065
1421127709066
1421127709068
1421127709070
1421127709072
1421127709074
1421127709076
1421127709079
1421127709081
1421127709083
1421127709086
1421127709088
1421127709090
1421127709093
1421127709095
1421127709097
1421127709099
1421127709102
1421127709104
1421127709106
1421127709108
1421127709110
1421127709111
1421127709112
1421127709113
1421127709115
1421127709117
1421127709119
1421127709121
1421127709123
1421127709126
1421127709127
1421127709129
1421127709132
1421127709134
1421127709136
1421127709138
1421127709142
1421127709145
1421127709147
1421127709149
1421127709152
1421127709153
1421127709156
1421127709158
1421127709161
1421127709163
1421127709165
1421127709167
1421127709170
1421127709172
1421127709197
1421127709208
1421127709211
1421127709212
1421127709214
1421127709216
1421127709218
1421127709219
1421127709221
1421127709223
1421127709225
1421127709226
1421127709228
1421127709230
1421127709231
1421127709233
1421127709235
1421127709237
1421127709238
1421127709240
1421127709242
1421127709244
1421127709246
1421127709247
1421127709249
1421127709251
1421127709018
1421127709021
1421127709024
1421127709028
1421127709031
1421127709041
1421127709046
1421127709054
1421127709059
1421127709061
1421127709064
1421127709066
1421127709069
1421127709072
1421127709074
1421127709077
1421127709079
1421127709081
1421127709084
1421127709086
1421127709089
1421127709091
1421127709094
1421127709097
1421127709100
1421127709103
1421127709106
1421127709111
1421127709113
1421127709116
1421127709118
1421127709120
1421127709123
1421127709125
1421127709127
1421127709130
1421127709132
1421127709134
1421127709136
1421127709139
1421127709142
1421127709144
1421127709147
1421127709149
1421127709152
1421127709154
1421127709157
1421127709159
1421127709162
1421127709165
1421127709167
1421127709170
1421127709172
1421127709175
1421127709178
1421127709180
1421127709183
1421127709185
1421127709186
1421127709188
1421127709191
1421127709193
1421127709196
1421127709199
1421127709202
1421127709204
1421127709207
1421127709210
1421127709213
1421127709215
1421127709218
1421127709221
1421127709224
1421127709227
1421127709230
1421127709234
1421127709237
1421127709243
1421127709250
1421127709253
1421127709258
1421127709261
1421127709266
1421127709268
1421127709272
1421127709275
1421127709277
1421127709280
1421127709282
1421127709285
1421127709287
1421127709290
1421127709292
1421127709295
1421127709298
1421127709301
1421127709303
1421127709306
1421127709308
1421127709310
1421127709313
1421127709029
1421127709032
1421127709035
1421127709039
1421127709042
1421127709045
1421127709048
1421127709050
1421127709053
1421127709055
1421127709057
1421127709060
1421127709063
1421127709065
1421127709068
1421127709070
1421127709073
1421127709075
1421127709078
1421127709080
1421127709087
1421127709090
1421127709092
1421127709095
1421127709098
1421127709101
1421127709104
1421127709109
1421127709112
1421127709114
1421127709116
1421127709119
1421127709121
1421127709123
1421127709126
1421127709128
1421127709131
1421127709133
1421127709135
1421127709137
1421127709140
1421127709142
1421127709145
1421127709148
1421127709150
1421127709153
1421127709155
1421127709158
1421127709160
1421127709161
1421127709163
1421127709166
1421127709168
1421127709171
1421127709174
1421127709176
1421127709179
1421127709181
1421127709184
1421127709187
1421127709189
1421127709192
1421127709195
1421127709198
1421127709200
1421127709203
1421127709205
1421127709208
1421127709211
1421127709214
1421127709217
1421127709219
1421127709222
1421127709225
1421127709228
1421127709232
1421127709235
1421127709238
1421127709242
1421127709244
1421127709247
1421127709249
1421127709252
1421127709254
1421127709257
1421127709259
1421127709262
1421127709264
1421127709266
1421127709269
1421127709271
1421127709273
1421127709276
1421127709278
1421127709280
1421127709283
1421127709286
1421127709288
1421127709291
1421127709294
1421127709297
1421127709173
1421127709175
1421127709176
1421127709178
1421127709179
1421127709180
1421127709181
1421127709183
1421127709184
1421127709185
1421127709186
1421127709188
1421127709189
1421127709191
1421127709192
1421127709194
1421127709195
1421127709198
1421127709200
1421127709201
1421127709203
1421127709204
1421127709207
1421127709208
1421127709251
1421127709252
1421127709254
1421127709255
1421127709256
1421127709258
1421127709259
1421127709260
1421127709262
1421127709263
1421127709264
1421127709266
1421127709268
1421127709269
1421127709270
1421127709272
1421127709273
1421127709275
1421127709276
1421127709278
1421127709279
1421127709280
1421127709282
1421127709283
1421127709285
1421127709286
1421127709288
1421127709289
1421127709291
1421127709292
1421127709294
1421127709296
1421127709297
1421127709299
1421127709300
1421127709301
1421127709303
1421127709304
1421127709305
1421127709306
1421127709308
1421127709309
1421127709311
1421127709312
1421127709313
1421127709315
1421127709316
1421127709317
1421127709319
1421127709320
1421127709321
1421127709323
1421127709324
1421127709326
1421127709328
1421127709330
1421127709332
1421127709334
1421127709335
1421127709337
1421127709339
1421127709341
1421127709342
1421127709344
1421127709345
1421127709347
1421127709348
1421127709350
1421127709351
1421127709353
1421127709354
1421127709356
1421127709357
1421127709367
1421127709371
1421127709378
1421127709382
1421127709358
1421127709359
1421127709361
1421127709362
1421127709364
1421127709365
1421127709366
1421127709368
1421127709370
1421127709373
1421127709374
1421127709375
1421127709377
1421127709380
1421127709381
1421127709384
1421127709385
1421127709387
1421127709388
1421127709390
1421127709391
1421127709393
1421127709394
1421127709396
1421127709397
1421127709399
1421127709401
1421127709402
1421127709403
1421127709404
1421127709405
1421127709407
1421127709408
1421127709409
1421127709411
1421127709412
1421127709414
1421127709415
1421127709416
1421127709418
1421127709419
1421127709420
1421127709422
1421127709423
1421127709424
1421127709426
1421127709427
1421127709429
1421127709430
1421127709432
1421127709433
1421127709435
1421127709436
1421127709437
1421127709438
1421127709440
1421127709441
1421127709442
1421127709444
1421127709445
1421127709447
1421127709448
1421127709450
1421127709451
1421127709453
1421127709454
1421127709456
1421127709458
1421127709459
1421127709460
1421127709462
1421127709463
1421127709465
1421127709467
1421127709468
1421127709469
1421127709471
1421127709472
1421127709474
1421127709475
1421127709476
1421127709478
1421127709480
1421127709481
1421127709483
1421127709484
1421127709486
1421127709488
1421127709489
1421127709490
1421127709492
1421127709494
1421127709495
1421127709497
1421127709508
1421127709514
1421127709517
1421127709520
1421127709525
1421127709531
1421127709536
1421127709231
1421127709241
1421127709245
1421127709248
1421127709256
1421127709263
1421127709270
1421127709315
1421127709318
1421127709321
1421127709323
1421127709325
1421127709327
1421127709329
1421127709331
1421127709334
1421127709336
1421127709338
1421127709341
1421127709343
1421127709345
1421127709348
1421127709350
1421127709353
1421127709356
1421127709358
1421127709360
1421127709363
1421127709365
1421127709367
1421127709369
1421127709372
1421127709374
1421127709377
1421127709379
1421127709383
1421127709385
1421127709388
1421127709390
1421127709393
1421127709396
1421127709399
1421127709401
1421127709404
1421127709407
1421127709409
1421127709412
1421127709415
1421127709419
1421127709421
1421127709424
1421127709427
1421127709429
1421127709432
1421127709434
1421127709438
1421127709440
1421127709442
1421127709444
1421127709446
1421127709448
1421127709451
1421127709453
1421127709455
1421127709457
1421127709459
1421127709461
1421127709464
1421127709466
1421127709468
1421127709470
1421127709473
1421127709475
1421127709478
1421127709481
1421127709483
1421127709485
1421127709487
1421127709489
1421127709492
1421127709494
1421127709497
1421127709499
1421127709502
1421127709504
1421127709506
1421127709508
1421127709511
1421127709513
1421127709515
1421127709518
1421127709520
1421127709524
1421127709527
1421127709529
1421127709531
1421127709533
1421127709536
1421127709538
1421127709543
1421127709545
1421127709294
1421127709299
1421127709302
1421127709304
1421127709306
1421127709309
1421127709312
1421127709314
1421127709316
1421127709319
1421127709321
1421127709323
1421127709326
1421127709328
1421127709330
1421127709332
1421127709334
1421127709337
1421127709339
1421127709341
1421127709343
1421127709346
1421127709349
1421127709351
1421127709354
1421127709357
1421127709359
1421127709361
1421127709363
1421127709366
1421127709368
1421127709370
1421127709372
1421127709375
1421127709378
1421127709382
1421127709384
1421127709387
1421127709389
1421127709392
1421127709395
1421127709397
1421127709400
1421127709402
1421127709405
1421127709408
1421127709410
1421127709413
1421127709417
1421127709420
1421127709422
1421127709425
1421127709428
1421127709430
1421127709433
1421127709436
1421127709438
1421127709441
1421127709443
1421127709445
1421127709447
1421127709449
1421127709451
1421127709454
1421127709456
1421127709458
1421127709460
1421127709462
1421127709465
1421127709467
1421127709469
1421127709471
1421127709474
1421127709476
1421127709479
1421127709481
1421127709484
1421127709486
1421127709488
1421127709490
1421127709493
1421127709495
1421127709498
1421127709500
1421127709503
1421127709505
1421127709507
1421127709510
1421127709512
1421127709514
1421127709516
1421127709518
1421127709520
1421127709523
1421127709525
1421127709527
1421127709530
1421127709532
1421127709534
1421127709537
1421127709569
1421127709522
1421127709541
1421127709545
1421127709547
1421127709550
1421127709552
1421127709553
1421127709555
1421127709558
1421127709561
1421127709564
1421127709566
1421127709568
1421127709571
1421127709573
1421127709575
1421127709577
1421127709580
1421127709582
1421127709585
1421127709588
1421127709591
1421127709594
1421127709596
1421127709599
1421127709601
1421127709604
1421127709607
1421127709609
1421127709612
1421127709614
1421127709617
1421127709619
1421127709621
1421127709624
1421127709626
1421127709628
1421127709630
1421127709632
1421127709634
1421127709636
1421127709638
1421127709640
1421127709643
1421127709645
1421127709647
1421127709649
1421127709651
1421127709654
1421127709657
1421127709659
1421127709662
1421127709701
1421127709703
1421127709705
1421127709707
1421127709709
1421127709711
1421127709713
1421127709714
1421127709716
1421127709718
1421127709720
1421127709722
1421127709724
1421127709726
1421127709728
1421127709729
1421127709732
1421127709734
1421127709736
1421127709738
1421127709739
1421127709741
1421127709743
1421127709745
1421127709747
1421127709748
1421127709751
1421127709753
1421127709755
1421127709757
1421127709759
1421127709761
1421127709763
1421127709765
1421127709768
1421127709770
1421127709772
1421127709774
1421127709776
1421127709778
1421127709779
1421127709790
1421127709793
1421127709794
1421127709796
1421127709798
1421127709800
1421127709802
1421127709804
1421127709537
1421127709539
1421127709541
1421127709544
1421127709546
1421127709548
1421127709551
1421127709554
1421127709556
1421127709559
1421127709562
1421127709565
1421127709567
1421127709571
1421127709573
1421127709576
1421127709578
1421127709581
1421127709583
1421127709586
1421127709589
1421127709592
1421127709595
1421127709597
1421127709600
1421127709602
1421127709605
1421127709608
1421127709610
1421127709613
1421127709615
1421127709618
1421127709620
1421127709622
1421127709624
1421127709627
1421127709629
1421127709631
1421127709633
1421127709635
1421127709637
1421127709639
1421127709641
1421127709643
1421127709646
1421127709647
1421127709650
1421127709652
1421127709655
1421127709658
1421127709660
1421127709663
1421127709666
1421127709668
1421127709670
1421127709673
1421127709675
1421127709677
1421127709679
1421127709682
1421127709684
1421127709686
1421127709689
1421127709692
1421127709695
1421127709697
1421127709699
1421127709701
1421127709703
1421127709706
1421127709708
1421127709710
1421127709712
1421127709714
1421127709715
1421127709717
1421127709719
1421127709720
1421127709723
1421127709725
1421127709727
1421127709728
1421127709731
1421127709733
1421127709734
1421127709736
1421127709738
1421127709740
1421127709742
1421127709744
1421127709746
1421127709748
1421127709749
1421127709751
1421127709754
1421127709756
1421127709758
1421127709760
1421127709762
1421127709764
1421127709867
1421127709885
1421127709887
1421127709890
1421127709892
1421127709894
1421127709896
1421127709898
1421127709900
1421127709901
1421127709904
1421127709906
1421127709908
1421127709910
1421127709913
1421127709916
1421127709918
1421127709919
1421127710044
1421127710047
1421127710050
1421127710053
1421127710056
1421127710058
1421127710061
1421127710063
1421127710067
1421127710070
1421127710074
1421127710077
1421127710079
1421127710081
1421127710083
1421127710086
1421127710088
1421127710090
1421127710092
1421127710094
1421127710096
1421127710098
1421127710101
1421127710103
1421127710106
1421127710108
1421127710111
1421127710113
1421127710115
1421127710117
1421127710119
1421127710120
1421127710122
1421127710124
1421127710127
1421127710130
1421127710132
1421127710134
1421127710136
1421127710138
1421127710140
1421127710142
1421127710144
1421127710146
1421127710149
1421127710151
1421127710153
1421127710156
1421127710158
1421127710161
1421127710165
1421127710177
1421127710180
1421127710182
1421127710185
1421127710189
1421127710193
1421127710195
1421127710198
1421127710201
1421127710204
1421127710207
1421127710210
1421127710213
1421127710215
1421127710217
1421127710218
1421127710219
1421127710221
1421127710223
1421127710224
1421127710227
1421127710229
1421127710231
1421127710234
1421127710236
1421127710237
1421127710239
1421127710242
1421127710244
1421127710247
1421127710250
1421127710252
1421127710255
