1421127790064
1421127790066
1421127790067
1421127790068
1421127790069
1421127790070
1421127790071
1421127790072
1421127790073
1421127790074
1421127790075
1421127790076
1421127790078
1421127790079
1421127790080
1421127790081
1421127790083
1421127790084
1421127790085
1421127790086
1421127790087
1421127790089
1421127790090
1421127790091
1421127790093
1421127790094
1421127790095
1421127790096
1421127790097
1421127790478
1421127790484
1421127790491
1421127790499
1421127790500
1421127790505
1421127790508
1421127790640
1421127790641
1421127790642
1421127790643
1421127790644
1421127790645
1421127790646
1421127790647
1421127790648
1421127790649
1421127790650
1421127790651
1421127790652
1421127790653
1421127790654
1421127790655
1421127790656
1421127790657
1421127790658
1421127790659
1421127790660
1421127790661
1421127790662
1421127790663
1421127790665
1421127790667
1421127790668
1421127790669
1421127790670
1421127790671
1421127790672
1421127790675
1421127790679
1421127790682
1421127790683
1421127790686
1421127790693
1421127790694
1421127790727
1421127790728
1421127790729
1421127790730
1421127790731
1421127790732
1421127790733
1421127790734
1421127790735
1421127790736
1421127790737
1421127790738
1421127790740
1421127790741
1421127790742
1421127790743
1421127790744
1421127790745
1421127790746
1421127790747
1421127790748
1421127790749
1421127790750
1421127790751
1421127790752
1421127790753
1421127790754
1421127790605
1421127790607
1421127790612
1421127790616
1421127790619
1421127790623
1421127790667
1421127790668
1421127790669
1421127790670
1421127790671
1421127790672
1421127790673
1421127790674
1421127790675
1421127790676
1421127790677
1421127790678
1421127790679
1421127790681
1421127790682
1421127790683
1421127790684
1421127790685
1421127790686
1421127790687
1421127790688
1421127790689
1421127790690
1421127790713
1421127790714
1421127790715
1421127790716
1421127790717
1421127790719
1421127790720
1421127790722
1421127790723
1421127790724
1421127790726
1421127790727
1421127790729
1421127790730
1421127790731
1421127790733
1421127790734
1421127790736
1421127790737
1421127790738
1421127790740
1421127790741
1421127790742
1421127790743
1421127790744
1421127790745
1421127790747
1421127790748
1421127790750
1421127790751
1421127790752
1421127790754
1421127790755
1421127790757
1421127790758
1421127790760
1421127790761
1421127790762
1421127790763
1421127790765
1421127790766
1421127790768
1421127790769
1421127790770
1421127790772
1421127790773
1421127790798
1421127790799
1421127790800
1421127790801
1421127790802
1421127790804
1421127790805
1421127790806
1421127790807
1421127790808
1421127790810
1421127790812
1421127790813
1421127790814
1421127790816
1421127790817
1421127790818
1421127790819
1421127790820
1421127790821
1421127790822
1421127790824
1421127790825
1421127790826
1421127790829
1421127790831
