1421127669554
1421127669558
1421127669560
1421127669562
1421127669564
1421127669565
1421127669568
1421127669569
1421127669570
1421127669571
1421127669572
1421127669573
1421127669574
1421127669575
1421127669576
1421127669577
1421127669578
1421127669579
1421127669580
1421127669581
1421127669582
1421127669583
1421127669584
1421127669585
1421127669586
1421127669587
1421127669588
1421127669589
1421127669590
1421127669591
1421127669592
1421127669593
1421127669594
1421127669595
1421127669596
1421127669597
1421127669598
1421127669599
1421127669600
1421127669601
1421127669602
1421127669603
1421127669604
1421127669605
1421127669606
1421127669607
1421127669608
1421127669609
1421127669610
1421127669611
1421127669612
1421127669613
1421127669614
1421127669615
1421127669616
1421127669617
1421127669618
1421127669619
1421127669620
1421127669621
1421127669622
1421127669623
1421127669624
1421127669625
1421127669626
1421127669627
1421127669628
1421127669629
1421127669630
1421127672510
1421127672515
1421127672521
1421127672522
1421127672525
1421127672528
1421127672530
1421127672532
1421127668432
1421127668440
1421127668431
1421127668432
1421127668433
1421127668435
1421127668439
1421127668441
1421127668430
1421127668437
1421127668430
1421127668432
1421127668433
1421127668430
1421127668432
1421127668433
1421127668442
1421127668430
1421127668437
1421127668431
1421127672372
1421127672374
1421127672375
1421127672377
1421127672378
1421127672380
1421127672381
1421127672383
1421127672385
1421127668430
1421127668431
1421127668434
1421127668436
1421127668441
1421127669512
1421127669515
1421127669516
1421127669523
1421127669527
1421127669530
1421127669537
1421127669538
1421127669539
1421127669541
1421127669542
1421127669543
1421127669544
1421127669545
1421127669546
1421127669547
1421127669548
1421127669549
1421127669550
1421127669551
1421127669552
1421127669553
1421127669554
1421127669555
1421127669556
1421127669557
1421127669558
1421127669559
1421127669560
1421127669562
1421127669563
1421127669564
1421127669565
1421127669566
1421127669567
1421127669568
1421127669569
1421127669570
1421127669571
1421127669572
1421127669573
1421127669574
