1421127697012
1421127697022
1421127697025
1421127697031
1421127697038
1421127697041
1421127697044
1421127697048
1421127697051
1421127697057
1421127697060
1421127697064
1421127697067
1421127697070
1421127697073
1421127697076
1421127697080
1421127697083
1421127697086
1421127697089
1421127697092
1421127697096
1421127697099
1421127697102
1421127697105
1421127697109
1421127697112
1421127697115
1421127697118
1421127697121
1421127697124
1421127697128
1421127697131
1421127697134
1421127697137
1421127697141
1421127697144
1421127697147
1421127697150
1421127697154
1421127697157
1421127697160
1421127697163
1421127697166
1421127697170
1421127697173
1421127697176
1421127697179
1421127697182
1421127697186
1421127697189
1421127697192
1421127697195
1421127697198
1421127697202
1421127697205
1421127697208
1421127697211
1421127697215
1421127697218
1421127697221
1421127697224
1421127697227
1421127697231
1421127697234
1421127697237
1421127697240
1421127697243
1421127697247
1421127697250
1421127697253
1421127697256
1421127697260
1421127697263
1421127697266
1421127697269
1421127697272
1421127697276
1421127697279
1421127697282
1421127697285
1421127697288
1421127697292
1421127697295
1421127697298
1421127697301
1421127697305
1421127697308
1421127697311
1421127697314
1421127697317
1421127697321
1421127697324
1421127697327
1421127697330
1421127697334
1421127697337
1421127697340
1421127697343
1421127697346
1421127697382
1421127697293
1421127697298
1421127697301
1421127697304
1421127697309
1421127697312
1421127697315
1421127697317
1421127697320
1421127697323
1421127697326
1421127697328
1421127697331
1421127697334
1421127697336
1421127697339
1421127697342
1421127697345
1421127697348
1421127697351
1421127697353
1421127697356
1421127697359
1421127697361
1421127697364
1421127697367
1421127697370
1421127697373
1421127697375
1421127697378
1421127697381
1421127697384
1421127697386
1421127697389
1421127697392
1421127697394
1421127697397
1421127697400
1421127697403
1421127697406
1421127697409
1421127697411
1421127697414
1421127697417
1421127697419
1421127697422
1421127697425
1421127697428
1421127697430
1421127697433
1421127697436
1421127697438
1421127697441
1421127697444
1421127697447
1421127697449
1421127697452
1421127697455
1421127697458
1421127697460
1421127697463
1421127697466
1421127697468
1421127697471
1421127697474
1421127697477
1421127697480
1421127697483
1421127697485
1421127697488
1421127697490
1421127697493
1421127697496
1421127697499
1421127697501
1421127697502
1421127697504
1421127697507
1421127697510
1421127697512
1421127697513
1421127697515
1421127697518
1421127697521
1421127697523
1421127697526
1421127697529
1421127697532
1421127697535
1421127697537
1421127697540
1421127697543
1421127697546
1421127697548
1421127697551
1421127697554
1421127697562
1421127697573
1421127697579
1421127697584
1421127697599
1421127697350
1421127697353
1421127697356
1421127697359
1421127697362
1421127697366
1421127697369
1421127697372
1421127697375
1421127697378
1421127697385
1421127697388
1421127697391
1421127697394
1421127697395
1421127697398
1421127697401
1421127697404
1421127697407
1421127697411
1421127697414
1421127697417
1421127697420
1421127697424
1421127697427
1421127697430
1421127697433
1421127697436
1421127697440
1421127697443
1421127697446
1421127697449
1421127697453
1421127697456
1421127697459
1421127697462
1421127697465
1421127697469
1421127697472
1421127697475
1421127697478
1421127697481
1421127697485
1421127697488
1421127697491
1421127697494
1421127697498
1421127697501
1421127697504
1421127697507
1421127697510
1421127697514
1421127697517
1421127697520
1421127697523
1421127697527
1421127697530
1421127697533
1421127697536
1421127697540
1421127697543
1421127697546
1421127697549
1421127697552
1421127697556
1421127697559
1421127697562
1421127697565
1421127697568
1421127697572
1421127697575
1421127697578
1421127697581
1421127697585
1421127697588
1421127697591
1421127697594
1421127697597
1421127697601
1421127697604
1421127697607
1421127697610
1421127697614
1421127697617
1421127697620
1421127697623
1421127697626
1421127697630
1421127697633
1421127697636
1421127697639
1421127697643
1421127697646
1421127697649
1421127697652
1421127697655
1421127697665
1421127697668
1421127697675
1421127697678
1421127697681
1421127697659
1421127697662
1421127697671
1421127697684
1421127697685
1421127697688
1421127697691
1421127697694
1421127697697
1421127697701
1421127697704
1421127697707
1421127697710
1421127697713
1421127697717
1421127697720
1421127697723
1421127697726
1421127697730
1421127697733
1421127697736
1421127697739
1421127697742
1421127697746
1421127697749
1421127697752
1421127697755
1421127697759
1421127697762
1421127697765
1421127697768
1421127697771
1421127697774
1421127697776
1421127697779
1421127697782
1421127697785
1421127697788
1421127697791
1421127697794
1421127697797
1421127697799
1421127697802
1421127697805
1421127697808
1421127697811
1421127697813
1421127697814
1421127697816
1421127697819
1421127697822
1421127697825
1421127697828
1421127697831
1421127697834
1421127697836
1421127697839
1421127697842
1421127697845
1421127697848
1421127697851
1421127697853
1421127697856
1421127697859
1421127697862
1421127697865
1421127697868
1421127697871
1421127697874
1421127697876
1421127697879
1421127697882
1421127697885
1421127697888
1421127697891
1421127697894
1421127697897
1421127697899
1421127697902
1421127697905
1421127697908
1421127697911
1421127697914
1421127697917
1421127697919
1421127697922
1421127697925
1421127697928
1421127697931
1421127697934
1421127697937
1421127697939
1421127697940
1421127697942
1421127697945
1421127697948
1421127697951
1421127697954
1421127697965
1421127697985
1421127697991
