1421127791809
1421127791820
1421127791827
1421127791832
1421127791834
1421127791835
1421127791836
1421127791837
1421127791839
1421127791841
1421127791843
1421127791845
1421127791847
1421127791849
1421127791851
1421127791853
1421127791855
1421127791857
1421127791858
1421127791860
1421127791861
1421127791863
1421127791865
1421127791867
1421127791869
1421127791871
1421127791873
1421127791875
1421127791876
1421127791879
1421127791881
1421127791883
1421127791885
1421127791887
1421127791889
1421127791891
1421127791893
1421127791895
1421127791896
1421127791898
1421127791900
1421127791902
1421127791904
1421127791906
1421127791908
1421127791909
1421127791911
1421127791913
1421127791915
1421127791917
1421127791919
1421127791921
1421127791922
1421127791925
1421127791927
1421127791929
1421127791931
1421127791932
1421127791934
1421127791936
1421127791938
1421127791940
1421127791942
1421127791943
1421127791945
1421127791947
1421127791949
1421127791951
1421127791953
1421127791955
1421127791957
1421127791959
1421127791961
1421127791963
1421127791965
1421127791967
1421127791969
1421127791970
1421127791972
1421127791974
1421127791976
1421127791977
1421127791979
1421127791981
1421127791983
1421127791985
1421127791987
1421127791989
1421127791991
1421127791993
1421127791995
1421127791997
1421127791998
1421127792000
1421127792002
1421127792005
1421127792007
1421127792010
1421127792012
1421127792039
1421127792047
1421127791798
1421127791804
1421127791813
1421127791815
1421127791821
1421127791822
1421127791824
1421127791826
1421127791828
1421127791830
1421127791832
1421127791834
1421127791836
1421127791838
1421127791839
1421127791841
1421127791843
1421127791845
1421127791847
1421127791849
1421127791851
1421127791853
1421127791855
1421127791857
1421127791859
1421127791861
1421127791863
1421127791865
1421127791867
1421127791869
1421127791871
1421127791873
1421127791875
1421127791876
1421127791878
1421127791880
1421127791882
1421127791884
1421127791886
1421127791888
1421127791890
1421127791892
1421127791894
1421127791896
1421127791898
1421127791900
1421127791902
1421127791904
1421127791906
1421127791908
1421127791910
1421127791912
1421127791914
1421127791916
1421127791918
1421127791920
1421127791922
1421127791923
1421127791925
1421127791927
1421127791930
1421127791932
1421127791933
1421127791935
1421127791937
1421127791939
1421127791941
1421127791943
1421127791944
1421127791946
1421127791948
1421127791949
1421127791951
1421127791953
1421127791955
1421127791957
1421127791959
1421127791962
1421127791964
1421127791965
1421127791967
1421127791969
1421127791971
1421127791973
1421127791975
1421127791977
1421127791978
1421127791980
1421127791982
1421127791984
1421127791986
1421127791988
1421127791990
1421127791992
1421127792000
1421127792004
1421127792010
1421127792017
1421127792021
1421127792025
1421127792028
1421127792012
1421127792014
1421127792016
1421127792018
1421127792019
1421127792021
1421127792022
1421127792024
1421127792025
1421127792027
1421127792029
1421127792030
1421127792032
1421127792033
1421127792035
1421127792036
1421127792038
1421127792041
1421127792043
1421127792044
1421127792046
1421127792049
1421127792050
1421127792052
1421127792053
1421127792055
1421127792056
1421127792058
1421127792059
1421127792061
1421127792063
1421127792064
1421127792065
1421127792067
1421127792068
1421127792070
1421127792071
1421127792073
1421127792075
1421127792076
1421127792078
1421127792079
1421127792081
1421127792082
1421127792084
1421127792085
1421127792087
1421127792088
1421127792090
1421127792091
1421127792093
1421127792094
1421127792096
1421127792098
1421127792099
1421127792101
1421127792102
1421127792104
1421127792105
1421127792107
1421127792108
1421127792110
1421127792111
1421127792113
1421127792114
1421127792116
1421127792117
1421127792119
1421127792120
1421127792122
1421127792123
1421127792125
1421127792126
1421127792128
1421127792129
1421127792131
1421127792132
1421127792133
1421127792134
1421127792136
1421127792137
1421127792139
1421127792140
1421127792142
1421127792143
1421127792145
1421127792146
1421127792148
1421127792149
1421127792151
1421127792152
1421127792154
1421127792155
1421127792158
1421127792160
1421127792163
1421127792166
1421127792167
1421127792169
1421127792170
1421127792172
1421127791992
1421127791994
1421127791996
1421127791998
1421127792002
1421127792006
1421127792008
1421127792012
1421127792013
1421127792015
1421127792018
1421127792020
1421127792023
1421127792026
1421127792028
1421127792030
1421127792031
1421127792033
1421127792034
1421127792036
1421127792037
1421127792039
1421127792041
1421127792042
1421127792044
1421127792045
1421127792047
1421127792048
1421127792050
1421127792051
1421127792053
1421127792055
1421127792056
1421127792058
1421127792059
1421127792061
1421127792062
1421127792064
1421127792065
1421127792067
1421127792069
1421127792070
1421127792072
1421127792073
1421127792075
1421127792076
1421127792078
1421127792079
1421127792081
1421127792082
1421127792084
1421127792085
1421127792087
1421127792088
1421127792090
1421127792091
1421127792093
1421127792094
1421127792095
1421127792096
1421127792097
1421127792099
1421127792100
1421127792102
1421127792103
1421127792105
1421127792107
1421127792108
1421127792110
1421127792111
1421127792113
1421127792114
1421127792116
1421127792117
1421127792119
1421127792120
1421127792122
1421127792123
1421127792125
1421127792126
1421127792128
1421127792129
1421127792131
1421127792133
1421127792134
1421127792136
1421127792137
1421127792139
1421127792140
1421127792142
1421127792143
1421127792145
1421127792146
1421127792148
1421127792149
1421127792151
1421127792152
1421127792163
1421127792166
1421127792167
1421127792178
1421127792157
1421127792161
1421127792164
1421127792172
1421127792173
1421127792175
1421127792176
1421127792177
1421127792178
1421127792180
1421127792181
1421127792183
1421127792184
1421127792186
1421127792187
1421127792189
1421127792190
1421127792192
1421127792193
1421127792195
1421127792196
1421127792198
1421127792199
1421127792201
1421127792202
1421127792204
1421127792205
1421127792207
1421127792208
1421127792210
1421127792211
1421127792212
1421127792213
1421127792215
1421127792216
1421127792218
1421127792219
1421127792221
1421127792222
1421127792224
1421127792225
1421127792227
1421127792228
1421127792230
1421127792231
1421127792232
1421127792233
1421127792235
1421127792236
1421127792237
1421127792239
1421127792240
1421127792242
1421127792243
1421127792245
1421127792247
1421127792248
1421127792250
1421127792251
1421127792253
1421127792254
1421127792256
1421127792257
1421127792259
1421127792260
1421127792262
1421127792263
1421127792265
1421127792266
1421127792268
1421127792269
1421127792271
1421127792273
1421127792274
1421127792276
1421127792277
1421127792279
1421127792280
1421127792282
1421127792283
1421127792285
1421127792286
1421127792288
1421127792289
1421127792291
1421127792292
1421127792294
1421127792295
1421127792297
1421127792298
1421127792300
1421127792301
1421127792303
1421127792304
1421127792306
1421127792307
1421127792309
1421127792310
1421127792314
1421127792324
1421127792330
1421127792151
1421127792154
1421127792155
1421127792157
1421127792158
1421127792160
1421127792161
1421127792164
1421127792169
1421127792170
1421127792172
1421127792173
1421127792175
1421127792176
1421127792180
1421127792181
1421127792183
1421127792184
1421127792186
1421127792187
1421127792189
1421127792190
1421127792192
1421127792193
1421127792195
1421127792196
1421127792198
1421127792199
1421127792201
1421127792202
1421127792204
1421127792205
1421127792207
1421127792208
1421127792210
1421127792211
1421127792212
1421127792213
1421127792215
1421127792216
1421127792218
1421127792219
1421127792221
1421127792222
1421127792224
1421127792225
1421127792227
1421127792228
1421127792230
1421127792231
1421127792233
1421127792234
1421127792236
1421127792237
1421127792239
1421127792240
1421127792242
1421127792244
1421127792245
1421127792247
1421127792248
1421127792250
1421127792251
1421127792253
1421127792254
1421127792256
1421127792257
1421127792259
1421127792260
1421127792262
1421127792263
1421127792265
1421127792266
1421127792268
1421127792269
1421127792271
1421127792272
1421127792274
1421127792275
1421127792277
1421127792278
1421127792280
1421127792281
1421127792283
1421127792284
1421127792286
1421127792287
1421127792289
1421127792291
1421127792292
1421127792294
1421127792295
1421127792297
1421127792298
1421127792300
1421127792301
1421127792303
1421127792306
1421127792309
1421127792313
1421127792324
1421127812849
1421127812854
1421127812857
1421127812858
1421127812849
1421127812849
1421127812849
1421127812854
1421127812849
1421127812852
1421127812855
1421127812856
1421127812852
1421127812847
1421127812851
1421127812856
1421127812851
1421127812854
1421127812856
1421127812850
1421127812852
1421127812849
1421127812855
1421127812857
1421127812859
1421127812857
1421127812847
1421127812849
1421127812854
1421127812855
1421127812860
1421127812861
1421127812862
1421127812853
1421127812855
1421127812853
1421127812856
1421127812857
1421127812849
