1421127585094
1421127585107
1421127585121
1421127585148
1421127585197
1421127585219
1421127585237
1421127585248
1421127585257
1421127585280
1421127585296
1421127585310
1421127585324
1421127585338
1421127585352
1421127585367
1421127585381
1421127585399
1421127585413
1421127585427
1421127585441
1421127585455
1421127585469
1421127585484
1421127585498
1421127585513
1421127585527
1421127585541
1421127585555
1421127585571
1421127585579
1421127585588
1421127585596
1421127585604
1421127585612
1421127585622
1421127585634
1421127585644
1421127585655
1421127585665
1421127585677
1421127585690
1421127585703
1421127585712
1421127585722
1421127585731
1421127585739
1421127585748
1421127585757
1421127585765
1421127585774
1421127585783
1421127585792
1421127585801
1421127585810
1421127585823
1421127585836
1421127585849
1421127585863
1421127585877
1421127585891
1421127585905
1421127585922
1421127585936
1421127585950
1421127585959
1421127585968
1421127585976
1421127585987
1421127585997
1421127586005
1421127586014
1421127586024
1421127586032
1421127586042
1421127586050
1421127586059
1421127586068
1421127586077
1421127586086
1421127586095
1421127586104
1421127586116
1421127586117
1421127586128
1421127586141
1421127586154
1421127586163
1421127586171
1421127586185
1421127586193
1421127586202
1421127586210
1421127586219
1421127586229
1421127586239
1421127586247
1421127586257
1421127586266
1421127586275
1421127586284
1421127584198
1421127584218
1421127584241
1421127584261
1421127584282
1421127584303
1421127584328
1421127584348
1421127584367
1421127584387
1421127584407
1421127584426
1421127584447
1421127584465
1421127584484
1421127584504
1421127584522
1421127584541
1421127584559
1421127584577
1421127584596
1421127584614
1421127584632
1421127584651
1421127584670
1421127584688
1421127584707
1421127584725
1421127584743
1421127584762
1421127584781
1421127584800
1421127584819
1421127584838
1421127584855
1421127584875
1421127584892
1421127584907
1421127584930
1421127584946
1421127584958
1421127584970
1421127584990
1421127585010
1421127585032
1421127585033
1421127585048
1421127585061
1421127585075
1421127585089
1421127585109
1421127585126
1421127585146
1421127585164
1421127585181
1421127585198
1421127585217
1421127585232
1421127585250
1421127585279
1421127585302
1421127585325
1421127585347
1421127585370
1421127585389
1421127585412
1421127585435
1421127585458
1421127585480
1421127585503
1421127585526
1421127585548
1421127585568
1421127585588
1421127585607
1421127585627
1421127585646
1421127585665
1421127585683
1421127585698
1421127585718
1421127585739
1421127585761
1421127585783
1421127585804
1421127585825
1421127585845
1421127585861
1421127585878
1421127585895
1421127585916
1421127585936
1421127585979
1421127586064
1421127586078
1421127586114
1421127586178
1421127586221
1421127586304
1421127586348
1421127586403
1421127585936
1421127585957
1421127585996
1421127586009
1421127586022
1421127586036
1421127586050
1421127586097
1421127586131
1421127586145
1421127586163
1421127586191
1421127586205
1421127586239
1421127586256
1421127586272
1421127586288
1421127586321
1421127586334
1421127586361
1421127586376
1421127586389
1421127586403
1421127586424
1421127586437
1421127586453
1421127586469
1421127586485
1421127586504
1421127586524
1421127586539
1421127586565
1421127586589
1421127586614
1421127586637
1421127586659
1421127586681
1421127586704
1421127586727
1421127586750
1421127586773
1421127586797
1421127586815
1421127586829
1421127586843
1421127586857
1421127586873
1421127586888
1421127586901
1421127586915
1421127586929
1421127586949
1421127586969
1421127586986
1421127586999
1421127587015
1421127587032
1421127587053
1421127587075
1421127587097
1421127587119
1421127587140
1421127587160
1421127587181
1421127587200
1421127587220
1421127587238
1421127587252
1421127587265
1421127587284
1421127587298
1421127587311
1421127587326
1421127587341
1421127587357
1421127587373
1421127587387
1421127587403
1421127587420
1421127587435
1421127587454
1421127587475
1421127587488
1421127587502
1421127587529
1421127587543
1421127587559
1421127587581
1421127587608
1421127587620
1421127587632
1421127587644
1421127587692
1421127587704
1421127587740
1421127587800
1421127587811
1421127587827
1421127587839
1421127587851
1421127587880
1421127588829
1421127589102
1421127589143
1421127589183
1421127589198
1421127589211
1421127589224
1421127589238
1421127589251
1421127589265
1421127589278
1421127589292
1421127589305
1421127589319
1421127589332
1421127589346
1421127589359
1421127589373
1421127589386
1421127589400
1421127589421
1421127589435
1421127589449
1421127589463
1421127589476
1421127589489
1421127589503
1421127589516
1421127589530
1421127589543
1421127589556
1421127589570
1421127589584
1421127589597
1421127589610
1421127589624
1421127589637
1421127589651
1421127589664
1421127589677
1421127589678
1421127589691
1421127589704
1421127589718
1421127589731
1421127589745
1421127589758
1421127589772
1421127589785
1421127589799
1421127589812
1421127589826
1421127589839
1421127589853
1421127589866
1421127589880
1421127589894
1421127589908
1421127589921
1421127589934
1421127589948
1421127589962
1421127589976
1421127589989
1421127590003
1421127590016
1421127590030
1421127590043
1421127590057
1421127590071
1421127590084
1421127590098
1421127590112
1421127590125
1421127590138
1421127590152
1421127590166
1421127590179
1421127590193
1421127590206
1421127590220
1421127590233
1421127590247
1421127590261
1421127590275
1421127590288
1421127590301
1421127590321
1421127590334
1421127590348
1421127590362
1421127590375
1421127590389
1421127590402
1421127590416
1421127590430
1421127590443
1421127590498
1421127590607
1421127590729
1421127590824
