1421127456487
1421127456489
1421127456494
1421127456495
1421127456503
1421127456504
1421127456506
1421127456507
1421127456508
1421127456509
1421127456511
1421127456513
1421127456514
1421127456515
1421127456517
1421127456518
1421127456519
1421127456521
1421127456522
1421127456523
1421127456525
1421127456526
1421127456527
1421127456528
1421127456529
1421127456530
1421127456531
1421127456532
1421127456533
1421127456534
1421127456535
1421127456536
1421127456537
1421127456538
1421127456539
1421127456540
1421127456541
1421127456542
1421127456543
1421127456544
1421127456545
1421127456546
1421127456547
1421127456548
1421127456549
1421127456550
1421127456552
1421127456553
1421127456554
1421127456555
1421127456556
1421127456557
1421127456558
1421127456559
1421127456560
1421127456561
1421127456562
1421127456563
1421127456564
1421127456566
1421127456567
1421127456568
1421127456569
1421127456570
1421127456571
1421127456572
1421127456573
1421127456574
1421127456575
1421127456576
1421127456577
1421127456579
1421127456580
1421127456581
1421127456582
1421127456583
1421127456584
1421127456585
1421127456586
1421127456587
1421127456588
1421127456589
1421127456590
1421127456591
1421127456592
1421127456593
1421127456594
1421127456595
1421127456596
1421127456597
1421127456598
1421127456599
1421127456600
1421127456603
1421127456606
1421127456607
1421127456608
1421127456612
1421127456613
1421127456615
1421127456616
1421127456516
1421127456522
1421127456529
1421127456530
1421127456531
1421127456532
1421127456533
1421127456534
1421127456535
1421127456536
1421127456537
1421127456538
1421127456539
1421127456540
1421127456541
1421127456542
1421127456543
1421127456544
1421127456545
1421127456546
1421127456547
1421127456548
1421127456549
1421127456550
1421127456551
1421127456552
1421127456553
1421127456554
1421127456555
1421127456556
1421127456557
1421127456558
1421127456559
1421127456560
1421127456561
1421127456562
1421127456563
1421127456564
1421127456565
1421127456566
1421127456567
1421127456568
1421127456569
1421127456570
1421127456571
1421127456572
1421127456573
1421127456574
1421127456575
1421127456576
1421127456577
1421127456578
1421127456579
1421127456580
1421127456581
1421127456582
1421127456583
1421127456584
1421127456585
1421127456586
1421127456587
1421127456588
1421127456589
1421127456590
1421127456591
1421127456592
1421127456593
1421127456594
1421127456596
1421127456597
1421127456599
1421127456600
1421127456602
1421127456603
1421127456605
1421127456607
1421127456608
1421127456609
1421127456611
1421127456612
1421127456613
1421127456614
1421127456615
1421127456616
1421127456617
1421127456618
1421127456619
1421127456620
1421127456621
1421127456622
1421127456623
1421127456624
1421127456625
1421127456626
1421127456627
1421127456628
1421127456630
1421127456631
1421127456633
1421127456634
1421127456635
1421127456490
1421127456499
1421127456506
1421127456512
1421127456520
1421127456528
1421127456535
1421127456536
1421127456538
1421127456539
1421127456541
1421127456542
1421127456544
1421127456545
1421127456547
1421127456548
1421127456549
1421127456551
1421127456552
1421127456553
1421127456554
1421127456555
1421127456556
1421127456557
1421127456558
1421127456559
1421127456560
1421127456561
1421127456562
1421127456563
1421127456564
1421127456565
1421127456566
1421127456567
1421127456568
1421127456569
1421127456570
1421127456571
1421127456572
1421127456573
1421127456574
1421127456575
1421127456576
1421127456577
1421127456578
1421127456579
1421127456580
1421127456581
1421127456582
1421127456583
1421127456584
1421127456585
1421127456586
1421127456587
1421127456588
1421127456589
1421127456590
1421127456591
1421127456592
1421127456593
1421127456594
1421127456595
1421127456596
1421127456597
1421127456598
1421127456599
1421127456600
1421127456601
1421127456602
1421127456603
1421127456604
1421127456605
1421127456606
1421127456607
1421127456608
1421127456609
1421127456610
1421127456612
1421127456613
1421127456615
1421127456616
1421127456617
1421127456619
1421127456620
1421127456622
1421127456623
1421127456625
1421127456626
1421127456631
1421127456634
1421127456635
1421127456636
1421127456638
1421127456639
1421127456641
1421127456642
1421127456644
1421127456645
1421127456650
1421127456651
1421127456652
1421127456600
1421127456601
1421127456602
1421127456604
1421127456605
1421127456609
1421127456610
1421127456611
1421127456614
1421127456617
1421127456618
1421127456619
1421127456620
1421127456621
1421127456622
1421127456623
1421127456624
1421127456626
1421127456627
1421127456629
1421127456630
1421127456631
1421127456632
1421127456633
1421127456634
1421127456635
1421127456636
1421127456637
1421127456638
1421127456639
1421127456641
1421127456642
1421127456644
1421127456645
1421127456646
1421127456647
1421127456648
1421127456649
1421127456650
1421127456651
1421127456652
1421127456653
1421127456654
1421127456656
1421127456657
1421127456659
1421127456660
1421127456662
1421127456663
1421127456664
1421127456665
1421127456666
1421127456667
1421127456668
1421127456669
1421127456670
1421127456672
1421127456673
1421127456675
1421127456676
1421127456678
1421127456679
1421127456680
1421127456681
1421127456682
1421127456684
1421127456685
1421127456687
1421127456688
1421127456690
1421127456691
1421127456692
1421127456693
1421127456694
1421127456695
1421127456696
1421127456697
1421127456698
1421127456699
1421127456700
1421127456701
1421127456703
1421127456704
1421127456706
1421127456707
1421127456709
1421127456710
1421127456711
1421127456712
1421127456713
1421127456714
1421127456716
1421127456717
1421127456719
1421127456720
1421127456722
1421127456723
1421127456724
1421127456726
1421127456732
1421127456738
1421127456629
1421127456632
1421127456635
1421127456636
1421127456637
1421127456638
1421127456639
1421127456640
1421127456641
1421127456642
1421127456643
1421127456644
1421127456645
1421127456646
1421127456647
1421127456648
1421127456649
1421127456650
1421127456651
1421127456652
1421127456653
1421127456654
1421127456655
1421127456656
1421127456657
1421127456658
1421127456659
1421127456660
1421127456661
1421127456662
1421127456663
1421127456664
1421127456665
1421127456666
1421127456667
1421127456668
1421127456669
1421127456670
1421127456671
1421127456672
1421127456673
1421127456674
1421127456675
1421127456676
1421127456677
1421127456678
1421127456679
1421127456680
1421127456681
1421127456682
1421127456683
1421127456684
1421127456685
1421127456686
1421127456687
1421127456688
1421127456689
1421127456690
1421127456691
1421127456692
1421127456693
1421127456694
1421127456695
1421127456696
1421127456697
1421127456698
1421127456699
1421127456700
1421127456702
1421127456703
1421127456705
1421127456706
1421127456708
1421127456709
1421127456711
1421127456712
1421127456714
1421127456715
1421127456716
1421127456717
1421127456718
1421127456719
1421127456721
1421127456722
1421127456724
1421127456725
1421127456727
1421127456728
1421127456730
1421127456731
1421127456733
1421127456734
1421127456735
1421127456737
1421127456738
1421127456740
1421127456741
1421127456743
1421127456744
1421127456746
1421127456747
1421127456621
1421127456628
1421127456629
1421127456632
1421127456647
1421127456648
1421127456654
1421127456655
1421127456656
1421127456657
1421127456659
1421127456660
1421127456661
1421127456663
1421127456664
1421127456666
1421127456667
1421127456669
1421127456670
1421127456672
1421127456673
1421127456675
1421127456676
1421127456678
1421127456679
1421127456680
1421127456681
1421127456682
1421127456683
1421127456684
1421127456685
1421127456686
1421127456687
1421127456688
1421127456689
1421127456690
1421127456691
1421127456692
1421127456693
1421127456694
1421127456695
1421127456696
1421127456697
1421127456698
1421127456699
1421127456700
1421127456701
1421127456702
1421127456703
1421127456705
1421127456706
1421127456707
1421127456708
1421127456709
1421127456711
1421127456712
1421127456713
1421127456714
1421127456715
1421127456716
1421127456717
1421127456719
1421127456720
1421127456722
1421127456723
1421127456725
1421127456726
1421127456727
1421127456728
1421127456729
1421127456730
1421127456731
1421127456732
1421127456733
1421127456734
1421127456736
1421127456737
1421127456739
1421127456740
1421127456741
1421127456742
1421127456743
1421127456744
1421127456745
1421127456746
1421127456747
1421127456748
1421127456749
1421127456750
1421127456751
1421127456753
1421127456754
1421127456756
1421127456757
1421127456759
1421127456760
1421127456761
1421127456765
1421127456770
1421127456776
1421127456781
1421127456725
1421127456727
1421127456728
1421127456729
1421127456730
1421127456731
1421127456733
1421127456734
1421127456735
1421127456736
1421127456737
1421127456739
1421127456740
1421127456741
1421127456742
1421127456743
1421127456744
1421127456745
1421127456746
1421127456747
1421127456748
1421127456749
1421127456750
1421127456751
1421127456752
1421127456753
1421127456754
1421127456755
1421127456756
1421127456757
1421127456758
1421127456759
1421127456760
1421127456761
1421127456762
1421127456763
1421127456764
1421127456765
1421127456766
1421127456767
1421127456768
1421127456769
1421127456770
1421127456771
1421127456772
1421127456773
1421127456774
1421127456775
1421127456776
1421127456777
1421127456778
1421127456779
1421127456780
1421127456781
1421127456782
1421127456783
1421127456784
1421127456785
1421127456786
1421127456787
1421127456788
1421127456789
1421127456790
1421127456791
1421127456792
1421127456793
1421127456794
1421127456795
1421127456796
1421127456797
1421127456798
1421127456799
1421127456800
1421127456801
1421127456802
1421127456803
1421127456804
1421127456805
1421127456806
1421127456807
1421127456808
1421127456809
1421127456810
1421127456811
1421127456812
1421127456813
1421127456814
1421127456815
1421127456816
1421127456817
1421127456818
1421127456819
1421127456820
1421127456822
1421127456823
1421127456824
1421127456827
1421127456829
1421127456830
1421127456833
1421127456834
1421127456747
1421127456749
1421127456750
1421127456751
1421127456752
1421127456754
1421127456755
1421127456757
1421127456758
1421127456760
1421127456762
1421127456763
1421127456765
1421127456766
1421127456767
1421127456769
1421127456770
1421127456772
1421127456773
1421127456775
1421127456776
1421127456778
1421127456779
1421127456781
1421127456782
1421127456783
1421127456785
1421127456786
1421127456788
1421127456789
1421127456791
1421127456792
1421127456794
1421127456795
1421127456797
1421127456798
1421127456799
1421127456801
1421127456802
1421127456804
1421127456805
1421127456806
1421127456807
1421127456809
1421127456810
1421127456812
1421127456813
1421127456814
1421127456816
1421127456817
1421127456819
1421127456820
1421127456822
1421127456823
1421127456825
1421127456826
1421127456827
1421127456828
1421127456829
1421127456830
1421127456831
1421127456832
1421127456833
1421127456834
1421127456835
1421127456836
1421127456837
1421127456838
1421127456839
1421127456840
1421127456841
1421127456842
1421127456843
1421127456844
1421127456845
1421127456846
1421127456847
1421127456848
1421127456849
1421127456850
1421127456851
1421127456852
1421127456853
1421127456854
1421127456855
1421127456856
1421127456857
1421127456858
1421127456859
1421127456860
1421127456861
1421127456862
1421127456863
1421127456864
1421127456865
1421127456866
1421127456867
1421127456868
1421127456892
1421127456894
1421127456895
1421127456761
1421127456762
1421127456763
1421127456764
1421127456766
1421127456767
1421127456769
1421127456772
1421127456773
1421127456774
1421127456775
1421127456777
1421127456778
1421127456779
1421127456780
1421127456782
1421127456783
1421127456784
1421127456785
1421127456786
1421127456787
1421127456788
1421127456789
1421127456790
1421127456791
1421127456792
1421127456793
1421127456794
1421127456795
1421127456796
1421127456797
1421127456798
1421127456799
1421127456800
1421127456801
1421127456802
1421127456803
1421127456804
1421127456805
1421127456806
1421127456807
1421127456808
1421127456809
1421127456810
1421127456811
1421127456812
1421127456813
1421127456815
1421127456816
1421127456818
1421127456819
1421127456821
1421127456822
1421127456824
1421127456825
1421127456826
1421127456827
1421127456828
1421127456829
1421127456830
1421127456831
1421127456832
1421127456833
1421127456834
1421127456835
1421127456836
1421127456837
1421127456838
1421127456839
1421127456840
1421127456841
1421127456842
1421127456843
1421127456844
1421127456845
1421127456846
1421127456847
1421127456848
1421127456849
1421127456850
1421127456851
1421127456873
1421127456875
1421127456876
1421127456878
1421127456879
1421127456880
1421127456881
1421127456882
1421127456883
1421127456884
1421127456885
1421127456886
1421127456887
1421127456888
1421127456890
1421127456891
1421127456892
1421127456893
1421127456894
1421127456895
1421127456821
1421127456825
1421127456826
1421127456828
1421127456831
1421127456832
1421127456835
1421127456836
1421127456837
1421127456838
1421127456839
1421127456840
1421127456841
1421127456842
1421127456843
1421127456844
1421127456845
1421127456846
1421127456847
1421127456848
1421127456849
1421127456850
1421127456851
1421127456852
1421127456853
1421127456854
1421127456855
1421127456856
1421127456857
1421127456858
1421127456859
1421127456860
1421127456861
1421127456862
1421127456863
1421127456864
1421127456865
1421127456866
1421127456867
1421127456868
1421127456869
1421127456870
1421127456871
1421127456872
1421127456873
1421127456874
1421127456875
1421127456876
1421127456877
1421127456878
1421127456879
1421127456880
1421127456881
1421127456882
1421127456883
1421127456884
1421127456885
1421127456886
1421127456887
1421127456888
1421127456889
1421127456890
1421127456891
1421127456892
1421127456893
1421127456894
1421127456895
1421127456896
1421127456897
1421127456898
1421127456899
1421127456901
1421127456902
1421127456904
1421127456905
1421127456907
1421127456908
1421127456909
1421127456910
1421127456911
1421127456912
1421127456913
1421127456914
1421127456915
1421127456916
1421127456917
1421127456918
1421127456919
1421127456920
1421127456921
1421127456922
1421127456923
1421127456924
1421127456925
1421127456926
1421127456927
1421127456928
1421127456929
1421127456930
1421127456931
1421127456932
1421127456868
1421127456869
1421127456870
1421127456871
1421127456872
1421127456873
1421127456874
1421127456875
1421127456876
1421127456877
1421127456878
1421127456879
1421127456880
1421127456881
1421127456882
1421127456883
1421127456884
1421127456885
1421127456886
1421127456887
1421127456888
1421127456889
1421127456890
1421127456891
1421127456893
1421127456895
1421127456896
1421127456897
1421127456898
1421127456899
1421127456900
1421127456901
1421127456902
1421127456903
1421127456904
1421127456905
1421127456906
1421127456907
1421127456908
1421127456909
1421127456910
1421127456911
1421127456912
1421127456913
1421127456914
1421127456915
1421127456916
1421127456917
1421127456918
1421127456919
1421127456920
1421127456921
1421127456922
1421127456923
1421127456924
1421127456925
1421127456926
1421127456927
1421127456928
1421127456929
1421127456930
1421127456931
1421127456932
1421127456933
1421127456934
1421127456935
1421127456936
1421127456937
1421127456938
1421127456939
1421127456940
1421127456941
1421127456942
1421127456943
1421127456944
1421127456945
1421127456946
1421127456947
1421127456949
1421127456950
1421127456951
1421127456952
1421127456953
1421127456954
1421127456955
1421127456956
1421127456957
1421127456958
1421127456959
1421127456960
1421127456961
1421127456962
1421127456963
1421127456964
1421127456965
1421127456966
1421127456967
1421127456968
1421127456969
1421127456972
1421127456973
1421127456852
1421127456853
1421127456854
1421127456855
1421127456856
1421127456857
1421127456858
1421127456859
1421127456860
1421127456861
1421127456862
1421127456863
1421127456864
1421127456865
1421127456866
1421127456867
1421127456868
1421127456870
1421127456871
1421127456873
1421127456889
1421127456896
1421127456897
1421127456898
1421127456899
1421127456901
1421127456902
1421127456903
1421127456904
1421127456905
1421127456906
1421127456908
1421127456909
1421127456911
1421127456912
1421127456914
1421127456915
1421127456916
1421127456918
1421127456919
1421127456921
1421127456922
1421127456924
1421127456925
1421127456927
1421127456928
1421127456929
1421127456930
1421127456931
1421127456932
1421127456933
1421127456934
1421127456935
1421127456936
1421127456937
1421127456938
1421127456939
1421127456940
1421127456941
1421127456942
1421127456943
1421127456944
1421127456945
1421127456947
1421127456948
1421127456950
1421127456951
1421127456953
1421127456954
1421127456956
1421127456957
1421127456959
1421127456960
1421127456961
1421127456962
1421127456963
1421127456965
1421127456966
1421127456968
1421127456969
1421127456971
1421127456972
1421127456973
1421127456974
1421127456975
1421127456976
1421127456977
1421127456978
1421127456979
1421127456980
1421127456981
1421127456982
1421127456985
1421127456988
1421127456989
1421127456990
1421127456991
1421127456992
1421127456993
1421127456996
1421127456999
1421127456932
1421127456933
1421127456934
1421127456935
1421127456936
1421127456937
1421127456938
1421127456939
1421127456940
1421127456941
1421127456942
1421127456943
1421127456944
1421127456945
1421127456946
1421127456947
1421127456948
1421127456949
1421127456950
1421127456951
1421127456952
1421127456953
1421127456954
1421127456955
1421127456956
1421127456957
1421127456958
1421127456959
1421127456960
1421127456961
1421127456962
1421127456963
1421127456964
1421127456965
1421127456966
1421127456967
1421127456968
1421127456969
1421127456970
1421127456971
1421127456972
1421127456973
1421127456974
1421127456975
1421127456976
1421127456977
1421127456978
1421127456979
1421127456980
1421127456981
1421127456982
1421127456983
1421127456984
1421127456985
1421127456986
1421127456987
1421127456988
1421127456989
1421127456990
1421127456991
1421127456992
1421127456993
1421127456994
1421127456995
1421127456996
1421127456997
1421127456998
1421127456999
1421127457000
1421127457001
1421127457002
1421127457003
1421127457004
1421127457005
1421127457006
1421127457007
1421127457008
1421127457009
1421127457010
1421127457011
1421127457012
1421127457013
1421127457014
1421127457015
1421127457016
1421127457017
1421127457018
1421127457019
1421127457020
1421127457021
1421127457022
1421127457023
1421127457024
1421127457025
1421127457026
1421127457027
1421127457028
1421127457033
1421127457038
1421127457042
1421127457043
1421127456970
1421127456971
1421127456974
1421127456975
1421127456976
1421127456977
1421127456978
1421127456980
1421127456981
1421127456983
1421127456984
1421127456986
1421127456987
1421127456988
1421127456989
1421127456990
1421127456991
1421127456992
1421127456993
1421127456995
1421127456996
1421127456998
1421127456999
1421127457001
1421127457002
1421127457003
1421127457004
1421127457005
1421127457006
1421127457007
1421127457008
1421127457009
1421127457010
1421127457011
1421127457013
1421127457014
1421127457016
1421127457017
1421127457019
1421127457020
1421127457021
1421127457022
1421127457023
1421127457024
1421127457025
1421127457026
1421127457027
1421127457028
1421127457029
1421127457030
1421127457032
1421127457033
1421127457034
1421127457036
1421127457037
1421127457038
1421127457039
1421127457040
1421127457041
1421127457042
1421127457043
1421127457044
1421127457046
1421127457047
1421127457049
1421127457050
1421127457052
1421127457053
1421127457054
1421127457055
1421127457056
1421127457057
1421127457059
1421127457060
1421127457062
1421127457063
1421127457065
1421127457066
1421127457067
1421127457068
1421127457069
1421127457070
1421127457071
1421127457072
1421127457073
1421127457074
1421127457076
1421127457077
1421127457078
1421127457080
1421127457081
1421127457083
1421127457084
1421127457085
1421127457086
1421127457087
1421127457088
1421127457089
1421127457090
1421127457091
1421127457097
1421127456979
1421127456983
1421127456984
1421127456986
1421127456987
1421127456994
1421127456995
1421127456997
1421127456998
1421127456999
1421127457000
1421127457001
1421127457002
1421127457003
1421127457004
1421127457005
1421127457006
1421127457007
1421127457008
1421127457009
1421127457010
1421127457011
1421127457012
1421127457013
1421127457014
1421127457015
1421127457016
1421127457017
1421127457018
1421127457019
1421127457020
1421127457021
1421127457022
1421127457023
1421127457024
1421127457025
1421127457026
1421127457027
1421127457028
1421127457029
1421127457030
1421127457031
1421127457032
1421127457033
1421127457034
1421127457035
1421127457036
1421127457037
1421127457038
1421127457039
1421127457040
1421127457041
1421127457042
1421127457043
1421127457044
1421127457045
1421127457046
1421127457047
1421127457048
1421127457049
1421127457050
1421127457051
1421127457052
1421127457053
1421127457054
1421127457055
1421127457056
1421127457057
1421127457059
1421127457060
1421127457062
1421127457063
1421127457065
1421127457066
1421127457067
1421127457069
1421127457070
1421127457072
1421127457073
1421127457075
1421127457076
1421127457078
1421127457079
1421127457080
1421127457082
1421127457083
1421127457085
1421127457086
1421127457087
1421127457089
1421127457090
1421127457092
1421127457093
1421127457095
1421127457102
1421127457106
1421127457111
1421127457113
1421127457117
1421127457122
1421127457130
1421127457029
1421127457030
1421127457031
1421127457032
1421127457034
1421127457035
1421127457036
1421127457037
1421127457039
1421127457040
1421127457041
1421127457044
1421127457045
1421127457046
1421127457047
1421127457048
1421127457049
1421127457050
1421127457051
1421127457052
1421127457053
1421127457054
1421127457055
1421127457056
1421127457057
1421127457058
1421127457059
1421127457060
1421127457061
1421127457062
1421127457063
1421127457064
1421127457065
1421127457066
1421127457067
1421127457068
1421127457069
1421127457070
1421127457071
1421127457072
1421127457073
1421127457074
1421127457075
1421127457076
1421127457077
1421127457078
1421127457079
1421127457080
1421127457081
1421127457082
1421127457083
1421127457084
1421127457085
1421127457086
1421127457087
1421127457088
1421127457089
1421127457090
1421127457091
1421127457092
1421127457093
1421127457094
1421127457095
1421127457096
1421127457097
1421127457098
1421127457099
1421127457100
1421127457101
1421127457102
1421127457103
1421127457104
1421127457105
1421127457106
1421127457107
1421127457108
1421127457109
1421127457110
1421127457111
1421127457112
1421127457113
1421127457114
1421127457115
1421127457116
1421127457117
1421127457118
1421127457119
1421127457120
1421127457121
1421127457122
1421127457123
1421127457124
1421127457125
1421127457126
1421127457127
1421127457128
1421127457130
1421127457134
1421127457136
1421127457141
1421127457145
1421127457092
1421127457093
1421127457094
1421127457095
1421127457096
1421127457097
1421127457098
1421127457099
1421127457100
1421127457101
1421127457102
1421127457103
1421127457104
1421127457105
1421127457106
1421127457108
1421127457110
1421127457111
1421127457112
1421127457113
1421127457114
1421127457115
1421127457116
1421127457117
1421127457119
1421127457120
1421127457122
1421127457124
1421127457125
1421127457126
1421127457127
1421127457128
1421127457129
1421127457130
1421127457131
1421127457132
1421127457133
1421127457134
1421127457136
1421127457138
1421127457140
1421127457141
1421127457143
1421127457144
1421127457145
1421127457146
1421127457147
1421127457148
1421127457149
1421127457151
1421127457153
1421127457154
1421127457156
1421127457158
1421127457159
1421127457160
1421127457161
1421127457162
1421127457164
1421127457166
1421127457168
1421127457169
1421127457171
1421127457172
1421127457173
1421127457174
1421127457176
1421127457177
1421127457179
1421127457181
1421127457183
1421127457184
1421127457185
1421127457186
1421127457187
1421127457188
1421127457189
1421127457190
1421127457191
1421127457192
1421127457193
1421127457194
1421127457195
1421127457196
1421127457197
1421127457198
1421127457199
1421127457200
1421127457201
1421127457202
1421127457203
1421127457205
1421127457207
1421127457208
1421127457209
1421127457210
1421127457211
1421127457212
1421127457213
1421127457214
1421127457216
1421127457095
1421127457096
1421127457098
1421127457099
1421127457100
1421127457103
1421127457105
1421127457108
1421127457110
1421127457114
1421127457116
1421127457119
1421127457120
1421127457124
1421127457125
1421127457127
1421127457129
1421127457132
1421127457134
1421127457136
1421127457137
1421127457139
1421127457141
1421127457142
1421127457144
1421127457145
1421127457146
1421127457147
1421127457148
1421127457150
1421127457151
1421127457152
1421127457153
1421127457154
1421127457155
1421127457156
1421127457157
1421127457158
1421127457159
1421127457160
1421127457161
1421127457162
1421127457164
1421127457165
1421127457166
1421127457167
1421127457168
1421127457169
1421127457170
1421127457171
1421127457172
1421127457173
1421127457175
1421127457176
1421127457177
1421127457178
1421127457179
1421127457180
1421127457181
1421127457182
1421127457183
1421127457184
1421127457185
1421127457186
1421127457187
1421127457188
1421127457189
1421127457190
1421127457191
1421127457192
1421127457193
1421127457194
1421127457195
1421127457196
1421127457197
1421127457198
1421127457199
1421127457200
1421127457201
1421127457202
1421127457203
1421127457204
1421127457205
1421127457206
1421127457207
1421127457208
1421127457209
1421127457210
1421127457211
1421127457214
1421127457216
1421127457217
1421127457218
1421127457220
1421127457224
1421127457225
1421127457236
1421127457238
1421127457239
1421127457240
1421127457242
1421127457127
1421127457129
1421127457131
1421127457132
1421127457133
1421127457135
1421127457137
1421127457138
1421127457139
1421127457140
1421127457142
1421127457143
1421127457144
1421127457146
1421127457147
1421127457148
1421127457149
1421127457150
1421127457151
1421127457152
1421127457153
1421127457154
1421127457155
1421127457156
1421127457157
1421127457158
1421127457159
1421127457160
1421127457161
1421127457162
1421127457163
1421127457164
1421127457165
1421127457166
1421127457167
1421127457168
1421127457169
1421127457170
1421127457171
1421127457172
1421127457173
1421127457175
1421127457176
1421127457177
1421127457178
1421127457179
1421127457180
1421127457181
1421127457182
1421127457183
1421127457184
1421127457185
1421127457186
1421127457187
1421127457188
1421127457189
1421127457190
1421127457191
1421127457192
1421127457193
1421127457194
1421127457195
1421127457196
1421127457197
1421127457198
1421127457199
1421127457200
1421127457201
1421127457202
1421127457203
1421127457204
1421127457205
1421127457206
1421127457207
1421127457208
1421127457209
1421127457210
1421127457211
1421127457212
1421127457213
1421127457214
1421127457215
1421127457216
1421127457217
1421127457218
1421127457219
1421127457220
1421127457221
1421127457222
1421127457223
1421127457224
1421127457225
1421127457226
1421127457236
1421127457238
1421127457239
1421127457240
1421127457242
1421127457243
1421127457246
1421127457247
1421127457215
1421127457217
1421127457219
1421127457220
1421127457222
1421127457223
1421127457224
1421127457225
1421127457226
1421127457227
1421127457237
1421127457238
1421127457239
1421127457240
1421127457241
1421127457242
1421127457243
1421127457244
1421127457245
1421127457246
1421127457247
1421127457248
1421127457249
1421127457250
1421127457251
1421127457252
1421127457253
1421127457254
1421127457255
1421127457256
1421127457257
1421127457258
1421127457259
1421127457260
1421127457261
1421127457262
1421127457263
1421127457264
1421127457265
1421127457267
1421127457268
1421127457270
1421127457272
1421127457273
1421127457274
1421127457275
1421127457276
1421127457277
1421127457278
1421127457279
1421127457280
1421127457281
1421127457282
1421127457283
1421127457284
1421127457285
1421127457286
1421127457287
1421127457288
1421127457289
1421127457290
1421127457291
1421127457292
1421127457293
1421127457294
1421127457295
1421127457297
1421127457298
1421127457300
1421127457301
1421127457303
1421127457304
1421127457306
1421127457307
1421127457309
1421127457310
1421127457311
1421127457312
1421127457313
1421127457314
1421127457315
1421127457316
1421127457317
1421127457318
1421127457319
1421127457320
1421127457321
1421127457322
1421127457323
1421127457324
1421127457325
1421127457326
1421127457327
1421127457328
1421127457329
1421127457330
1421127457331
1421127457332
1421127457333
1421127457334
1421127457337
1421127457212
1421127457213
1421127457215
1421127457219
1421127457221
1421127457222
1421127457223
1421127457226
1421127457237
1421127457241
1421127457242
1421127457243
1421127457244
1421127457245
1421127457246
1421127457247
1421127457248
1421127457249
1421127457250
1421127457251
1421127457252
1421127457253
1421127457254
1421127457255
1421127457256
1421127457257
1421127457258
1421127457259
1421127457260
1421127457261
1421127457262
1421127457263
1421127457264
1421127457265
1421127457266
1421127457267
1421127457268
1421127457269
1421127457270
1421127457271
1421127457272
1421127457273
1421127457274
1421127457275
1421127457276
1421127457277
1421127457278
1421127457279
1421127457280
1421127457281
1421127457282
1421127457283
1421127457284
1421127457285
1421127457286
1421127457287
1421127457288
1421127457289
1421127457290
1421127457291
1421127457292
1421127457293
1421127457294
1421127457295
1421127457296
1421127457297
1421127457298
1421127457299
1421127457300
1421127457301
1421127457302
1421127457303
1421127457304
1421127457305
1421127457306
1421127457307
1421127457308
1421127457309
1421127457310
1421127457311
1421127457313
1421127457314
1421127457315
1421127457316
1421127457317
1421127457318
1421127457319
1421127457320
1421127457321
1421127457322
1421127457323
1421127457325
1421127457326
1421127457328
1421127457329
1421127457330
1421127457332
1421127457334
1421127457337
1421127457340
1421127457341
1421127457237
1421127457241
1421127457244
1421127457245
1421127457248
1421127457249
1421127457250
1421127457252
1421127457253
1421127457254
1421127457255
1421127457256
1421127457257
1421127457259
1421127457260
1421127457262
1421127457263
1421127457264
1421127457266
1421127457267
1421127457269
1421127457270
1421127457271
1421127457272
1421127457274
1421127457275
1421127457276
1421127457277
1421127457278
1421127457279
1421127457280
1421127457282
1421127457283
1421127457285
1421127457286
1421127457288
1421127457289
1421127457290
1421127457291
1421127457292
1421127457293
1421127457294
1421127457295
1421127457296
1421127457298
1421127457299
1421127457301
1421127457302
1421127457304
1421127457305
1421127457306
1421127457307
1421127457308
1421127457309
1421127457310
1421127457311
1421127457312
1421127457313
1421127457314
1421127457315
1421127457316
1421127457317
1421127457318
1421127457319
1421127457320
1421127457321
1421127457322
1421127457323
1421127457324
1421127457325
1421127457326
1421127457327
1421127457328
1421127457329
1421127457330
1421127457331
1421127457332
1421127457333
1421127457334
1421127457335
1421127457336
1421127457337
1421127457338
1421127457339
1421127457340
1421127457341
1421127457342
1421127457343
1421127457344
1421127457345
1421127457347
1421127457348
1421127457350
1421127457351
1421127457352
1421127457354
1421127457355
1421127457356
1421127457358
1421127457359
1421127457360
1421127457331
1421127457335
1421127457336
1421127457337
1421127457338
1421127457339
1421127457340
1421127457341
1421127457342
1421127457343
1421127457344
1421127457345
1421127457346
1421127457347
1421127457348
1421127457349
1421127457350
1421127457351
1421127457352
1421127457353
1421127457354
1421127457355
1421127457356
1421127457357
1421127457358
1421127457359
1421127457360
1421127457361
1421127457362
1421127457363
1421127457364
1421127457365
1421127457366
1421127457367
1421127457368
1421127457369
1421127457370
1421127457371
1421127457372
1421127457373
1421127457374
1421127457375
1421127457376
1421127457377
1421127457378
1421127457379
1421127457380
1421127457381
1421127457382
1421127457383
1421127457384
1421127457385
1421127457386
1421127457387
1421127457388
1421127457389
1421127457390
1421127457392
1421127457393
1421127457395
1421127457396
1421127457398
1421127457399
1421127457401
1421127457402
1421127457404
1421127457405
1421127457406
1421127457407
1421127457408
1421127457409
1421127457410
1421127457411
1421127457412
1421127457413
1421127457414
1421127457415
1421127457416
1421127457418
1421127457419
1421127457420
1421127457421
1421127457422
1421127457423
1421127457424
1421127457425
1421127457426
1421127457427
1421127457428
1421127457429
1421127457430
1421127457431
1421127457432
1421127457433
1421127457434
1421127457435
1421127457436
1421127457437
1421127457438
1421127457440
1421127457445
1421127457324
1421127457327
1421127457331
1421127457333
1421127457335
1421127457336
1421127457338
1421127457339
1421127457341
1421127457342
1421127457343
1421127457344
1421127457345
1421127457346
1421127457347
1421127457348
1421127457349
1421127457350
1421127457351
1421127457352
1421127457353
1421127457354
1421127457355
1421127457356
1421127457357
1421127457358
1421127457359
1421127457360
1421127457361
1421127457362
1421127457363
1421127457364
1421127457365
1421127457366
1421127457367
1421127457368
1421127457369
1421127457370
1421127457371
1421127457372
1421127457373
1421127457374
1421127457375
1421127457377
1421127457378
1421127457379
1421127457380
1421127457381
1421127457382
1421127457383
1421127457384
1421127457385
1421127457386
1421127457387
1421127457388
1421127457389
1421127457390
1421127457392
1421127457393
1421127457394
1421127457395
1421127457396
1421127457397
1421127457398
1421127457399
1421127457400
1421127457401
1421127457402
1421127457403
1421127457404
1421127457406
1421127457407
1421127457408
1421127457409
1421127457410
1421127457411
1421127457412
1421127457413
1421127457414
1421127457415
1421127457416
1421127457418
1421127457419
1421127457420
1421127457421
1421127457422
1421127457423
1421127457424
1421127457425
1421127457426
1421127457427
1421127457431
1421127457434
1421127457435
1421127457436
1421127457438
1421127457440
1421127457442
1421127457445
1421127457446
1421127457450
1421127456489
1421127456494
1421127456488
1421127456487
1421127456494
1421127456497
1421127456499
1421127456502
1421127456504
1421127456494
1421127456496
1421127456497
1421127456503
1421127456506
1421127457344
1421127457349
1421127457353
1421127457357
1421127457360
1421127457361
1421127457363
1421127457364
1421127457365
1421127457366
1421127457367
1421127457368
1421127457369
1421127457370
1421127457371
1421127457372
1421127457373
1421127457374
1421127457375
1421127457377
1421127457378
1421127457379
1421127457380
1421127457381
1421127457382
1421127457383
1421127457384
1421127457385
1421127457386
1421127457387
1421127457388
1421127457389
1421127457391
1421127457392
1421127457393
1421127457394
1421127457395
1421127457396
1421127457397
1421127457398
1421127457399
1421127457400
1421127457401
1421127457402
1421127457403
1421127457404
1421127457405
1421127457407
1421127457408
1421127457410
1421127457411
1421127457413
1421127457414
1421127457415
1421127457416
1421127457417
1421127457418
1421127457419
1421127457420
1421127457421
1421127457422
1421127457423
1421127457424
1421127456492
1421127456495
1421127456487
1421127456492
1421127456488
1421127456492
1421127456497
1421127456495
1421127456513
1421127456488
1421127456493
1421127456509
1421127456499
1421127456490
1421127457426
1421127457428
1421127457430
1421127457432
1421127457433
1421127457439
1421127457441
1421127457443
1421127457444
1421127457447
1421127457448
1421127457450
1421127457451
1421127457452
1421127457453
1421127457454
1421127457455
1421127457456
1421127457457
1421127457458
1421127457459
1421127457460
1421127457461
1421127457462
1421127457464
1421127457465
1421127457466
1421127457467
1421127457468
1421127457469
1421127457470
1421127457471
1421127457472
1421127457473
1421127457474
1421127457475
1421127457476
1421127457477
1421127457478
1421127457479
1421127457481
1421127457482
1421127457483
1421127457484
1421127457485
1421127457486
1421127457487
1421127457488
1421127457489
1421127457490
1421127457491
1421127457492
1421127457493
1421127457494
1421127457495
1421127457497
1421127457498
1421127457499
1421127457500
1421127457501
1421127457502
1421127457503
1421127457504
1421127457505
1421127457506
1421127457507
1421127457508
1421127457509
1421127457511
1421127457512
1421127457513
1421127457514
1421127457515
1421127457516
1421127457517
1421127457518
1421127457519
1421127457520
1421127457521
1421127457522
1421127457524
1421127457525
1421127457526
1421127457527
1421127457528
1421127456503
1421127456489
1421127456489
1421127456494
1421127457438
1421127457439
1421127457441
1421127457442
1421127457443
1421127457444
1421127457445
1421127457446
1421127457448
1421127457449
1421127457451
1421127457452
1421127457454
1421127457455
1421127457457
1421127457458
1421127457460
1421127457461
1421127457462
1421127457464
1421127457465
1421127457467
1421127457469
1421127457470
1421127457472
1421127457473
1421127457475
1421127457476
1421127457477
1421127457479
1421127457480
1421127457482
1421127457483
1421127457485
1421127457486
1421127457487
1421127457489
1421127457490
1421127457491
1421127457492
1421127457493
1421127457494
1421127457495
1421127457496
1421127457497
1421127457498
1421127457499
1421127457500
1421127457502
1421127457504
1421127457505
1421127457506
1421127457508
1421127457509
1421127457510
1421127457511
1421127457512
1421127457513
1421127457514
1421127457515
1421127457516
1421127457517
1421127457518
1421127457519
1421127457520
1421127457521
1421127457522
1421127457523
1421127457524
1421127457525
1421127457526
1421127457527
1421127457528
1421127457529
1421127457530
1421127457531
1421127457532
1421127457533
1421127457534
1421127457535
1421127457536
1421127457537
1421127457538
1421127457539
1421127457540
1421127457541
1421127457542
1421127457543
1421127457544
