1421127492089
1421127492094
1421127492098
1421127492102
1421127492107
1421127492111
1421127492115
1421127492120
1421127492124
1421127492128
1421127492133
1421127492137
1421127492141
1421127492145
1421127492150
1421127492154
1421127492158
1421127492159
1421127492163
1421127492167
1421127492172
1421127492176
1421127492180
1421127492185
1421127492189
1421127492193
1421127492197
1421127492202
1421127492206
1421127492211
1421127492214
1421127492216
1421127492219
1421127492221
1421127492224
1421127492227
1421127492229
1421127492232
1421127492234
1421127492237
1421127492240
1421127492243
1421127492245
1421127492248
1421127492251
1421127492253
1421127492256
1421127492258
1421127492261
1421127492263
1421127492266
1421127492268
1421127492271
1421127492273
1421127492276
1421127492278
1421127492281
1421127492283
1421127492286
1421127492288
1421127492291
1421127492293
1421127492295
1421127492298
1421127492301
1421127492303
1421127492305
1421127492308
1421127492310
1421127492312
1421127492315
1421127492317
1421127492320
1421127492322
1421127492324
1421127492327
1421127492329
1421127492331
1421127492334
1421127492336
1421127492338
1421127492341
1421127492343
1421127492345
1421127492348
1421127492350
1421127492352
1421127492353
1421127492357
1421127492362
1421127492369
1421127492374
1421127492376
1421127492383
1421127492388
1421127492390
1421127492395
1421127492397
1421127492399
1421127492402
1421127492406
1421127492079
1421127492083
1421127492092
1421127492095
1421127492098
1421127492101
1421127492113
1421127492116
1421127492118
1421127492121
1421127492124
1421127492128
1421127492132
1421127492137
1421127492141
1421127492145
1421127492150
1421127492154
1421127492158
1421127492163
1421127492167
1421127492171
1421127492176
1421127492180
1421127492185
1421127492189
1421127492193
1421127492198
1421127492202
1421127492207
1421127492211
1421127492215
1421127492220
1421127492224
1421127492229
1421127492233
1421127492238
1421127492242
1421127492246
1421127492251
1421127492255
1421127492260
1421127492264
1421127492268
1421127492273
1421127492277
1421127492282
1421127492286
1421127492291
1421127492295
1421127492300
1421127492304
1421127492308
1421127492311
1421127492314
1421127492316
1421127492319
1421127492322
1421127492325
1421127492328
1421127492330
1421127492333
1421127492336
1421127492338
1421127492341
1421127492343
1421127492345
1421127492348
1421127492350
1421127492352
1421127492353
1421127492355
1421127492357
1421127492360
1421127492362
1421127492364
1421127492367
1421127492369
1421127492371
1421127492374
1421127492376
1421127492379
1421127492381
1421127492383
1421127492386
1421127492388
1421127492390
1421127492393
1421127492395
1421127492397
1421127492400
1421127492402
1421127492407
1421127492409
1421127492412
1421127492414
1421127492416
1421127492419
1421127492421
1421127492424
1421127492427
1421127492355
1421127492360
1421127492364
1421127492367
1421127492371
1421127492378
1421127492381
1421127492385
1421127492392
1421127492404
1421127492406
1421127492409
1421127492411
1421127492413
1421127492416
1421127492418
1421127492420
1421127492423
1421127492425
1421127492428
1421127492431
1421127492435
1421127492439
1421127492442
1421127492445
1421127492447
1421127492450
1421127492452
1421127492454
1421127492457
1421127492459
1421127492461
1421127492464
1421127492466
1421127492468
1421127492471
1421127492473
1421127492476
1421127492478
1421127492480
1421127492483
1421127492485
1421127492487
1421127492490
1421127492492
1421127492494
1421127492497
1421127492501
1421127492503
1421127492505
1421127492508
1421127492510
1421127492512
1421127492515
1421127492517
1421127492519
1421127492522
1421127492524
1421127492527
1421127492529
1421127492531
1421127492534
1421127492536
1421127492538
1421127492541
1421127492543
1421127492545
1421127492548
1421127492550
1421127492552
1421127492553
1421127492556
1421127492560
1421127492564
1421127492568
1421127492572
1421127492576
1421127492580
1421127492585
1421127492588
1421127492591
1421127492593
1421127492596
1421127492598
1421127492603
1421127492605
1421127492607
1421127492610
1421127492612
1421127492614
1421127492617
1421127492619
1421127492621
1421127492624
1421127492628
1421127492630
1421127492635
1421127492637
1421127492640
1421127492643
1421127492649
1421127492081
1421127492113
1421127492135
1421127492155
1421127492176
1421127492197
1421127492217
1421127492231
1421127492246
1421127492260
1421127492261
1421127492275
1421127492290
1421127492304
1421127492317
1421127492326
1421127492334
1421127492342
1421127492351
1421127492356
1421127492360
1421127492365
1421127492369
1421127492374
1421127492378
1421127492383
1421127492388
1421127492392
1421127492397
1421127492401
1421127492405
1421127492410
1421127492415
1421127492419
1421127492424
1421127492429
1421127492433
1421127492434
1421127492442
1421127492446
1421127492451
1421127492456
1421127492460
1421127492465
1421127492470
1421127492474
1421127492478
1421127492483
1421127492487
1421127492492
1421127492497
1421127492503
1421127492508
1421127492512
1421127492517
1421127492521
1421127492526
1421127492531
1421127492535
1421127492540
1421127492544
1421127492549
1421127492554
1421127492560
1421127492568
1421127492577
1421127492585
1421127492593
1421127492600
1421127492605
1421127492610
1421127492614
1421127492619
1421127492623
1421127492628
1421127492632
1421127492637
1421127492642
1421127492648
1421127492654
1421127492659
1421127492665
1421127492671
1421127492677
1421127492682
1421127492688
1421127492693
1421127492699
1421127492705
1421127492710
1421127492716
1421127492730
1421127492734
1421127492743
1421127492748
1421127492757
1421127492761
1421127492766
1421127492770
1421127492774
1421127492779
1421127492404
1421127492427
1421127492429
1421127492432
1421127492434
1421127492438
1421127492442
1421127492445
1421127492447
1421127492449
1421127492452
1421127492454
1421127492457
1421127492459
1421127492461
1421127492464
1421127492466
1421127492468
1421127492471
1421127492473
1421127492476
1421127492478
1421127492480
1421127492483
1421127492485
1421127492488
1421127492490
1421127492492
1421127492495
1421127492499
1421127492502
1421127492504
1421127492506
1421127492509
1421127492511
1421127492513
1421127492516
1421127492518
1421127492521
1421127492523
1421127492525
1421127492528
1421127492530
1421127492533
1421127492535
1421127492537
1421127492538
1421127492540
1421127492542
1421127492545
1421127492547
1421127492550
1421127492552
1421127492554
1421127492557
1421127492559
1421127492562
1421127492567
1421127492571
1421127492575
1421127492579
1421127492584
1421127492588
1421127492592
1421127492596
1421127492600
1421127492604
1421127492608
1421127492612
1421127492613
1421127492617
1421127492621
1421127492625
1421127492630
1421127492634
1421127492638
1421127492643
1421127492648
1421127492653
1421127492657
1421127492662
1421127492667
1421127492672
1421127492677
1421127492682
1421127492686
1421127492691
1421127492696
1421127492701
1421127492706
1421127492710
1421127492715
1421127492732
1421127492737
1421127492749
1421127492753
1421127492757
1421127492769
1421127492778
1421127492782
1421127492815
1421127492109
1421127492130
1421127492151
1421127492172
1421127492192
1421127492213
1421127492227
1421127492241
1421127492256
1421127492271
1421127492286
1421127492299
1421127492313
1421127492321
1421127492330
1421127492338
1421127492346
1421127492353
1421127492358
1421127492362
1421127492367
1421127492371
1421127492376
1421127492381
1421127492385
1421127492390
1421127492394
1421127492399
1421127492403
1421127492408
1421127492412
1421127492417
1421127492421
1421127492426
1421127492431
1421127492437
1421127492444
1421127492449
1421127492453
1421127492458
1421127492462
1421127492467
1421127492472
1421127492476
1421127492481
1421127492485
1421127492490
1421127492494
1421127492501
1421127492505
1421127492510
1421127492514
1421127492519
1421127492523
1421127492528
1421127492533
1421127492537
1421127492542
1421127492547
1421127492551
1421127492556
1421127492564
1421127492572
1421127492580
1421127492588
1421127492597
1421127492602
1421127492603
1421127492607
1421127492612
1421127492616
1421127492621
1421127492625
1421127492630
1421127492634
1421127492639
1421127492645
1421127492651
1421127492656
1421127492662
1421127492668
1421127492673
1421127492674
1421127492679
1421127492685
1421127492690
1421127492691
1421127492696
1421127492702
1421127492707
1421127492713
1421127492727
1421127492732
1421127492736
1421127492741
1421127492745
1421127492750
1421127492754
1421127492777
1421127492795
1421127492808
1421127492591
1421127492600
1421127492633
1421127492646
1421127492649
1421127492652
1421127492655
1421127492658
1421127492661
1421127492664
1421127492666
1421127492669
1421127492672
1421127492675
1421127492678
1421127492681
1421127492684
1421127492687
1421127492690
1421127492693
1421127492696
1421127492699
1421127492702
1421127492704
1421127492707
1421127492710
1421127492713
1421127492716
1421127492717
1421127492728
1421127492730
1421127492732
1421127492733
1421127492735
1421127492737
1421127492740
1421127492742
1421127492744
1421127492747
1421127492749
1421127492752
1421127492754
1421127492756
1421127492759
1421127492761
1421127492763
1421127492766
1421127492768
1421127492770
1421127492773
1421127492775
1421127492777
1421127492780
1421127492782
1421127492785
1421127492787
1421127492789
1421127492792
1421127492794
1421127492796
1421127492799
1421127492801
1421127492803
1421127492806
1421127492808
1421127492810
1421127492813
1421127492815
1421127492817
1421127492820
1421127492822
1421127492824
1421127492827
1421127492829
1421127492831
1421127492834
1421127492836
1421127492839
1421127492841
1421127492843
1421127492846
1421127492848
1421127492850
1421127492853
1421127492855
1421127492857
1421127492860
1421127492862
1421127492864
1421127492867
1421127492869
1421127492871
1421127492874
1421127492876
1421127492878
1421127492881
1421127492883
1421127492885
1421127492888
1421127492928
1421127492939
1421127492728
1421127492741
1421127492745
1421127492761
1421127492765
1421127492773
1421127492786
1421127492790
1421127492794
1421127492799
1421127492803
1421127492807
1421127492811
1421127492815
1421127492819
1421127492823
1421127492827
1421127492831
1421127492834
1421127492836
1421127492839
1421127492841
1421127492844
1421127492846
1421127492849
1421127492851
1421127492854
1421127492856
1421127492858
1421127492861
1421127492863
1421127492866
1421127492868
1421127492870
1421127492873
1421127492875
1421127492876
1421127492878
1421127492880
1421127492883
1421127492885
1421127492888
1421127492890
1421127492892
1421127492895
1421127492897
1421127492900
1421127492902
1421127492904
1421127492907
1421127492909
1421127492911
1421127492914
1421127492916
1421127492918
1421127492921
1421127492923
1421127492926
1421127492928
1421127492930
1421127492933
1421127492935
1421127492938
1421127492940
1421127492942
1421127492945
1421127492947
1421127492949
1421127492952
1421127492954
1421127492956
1421127492959
1421127492961
1421127492963
1421127492966
1421127492968
1421127492970
1421127492973
1421127492975
1421127492977
1421127492980
1421127492982
1421127492984
1421127492987
1421127492989
1421127492992
1421127492994
1421127492996
1421127492999
1421127493001
1421127493003
1421127493008
1421127493011
1421127493013
1421127493015
1421127493018
1421127493020
1421127493022
1421127493027
1421127493029
1421127493032
1421127492888
1421127492890
1421127492893
1421127492895
1421127492897
1421127492900
1421127492902
1421127492904
1421127492907
1421127492909
1421127492911
1421127492914
1421127492916
1421127492918
1421127492921
1421127492923
1421127492925
1421127492930
1421127492932
1421127492936
1421127492941
1421127492943
1421127492944
1421127492946
1421127492948
1421127492951
1421127492953
1421127492955
1421127492958
1421127492960
1421127492962
1421127492965
1421127492967
1421127492969
1421127492972
1421127492974
1421127492977
1421127492979
1421127492981
1421127492984
1421127492986
1421127492988
1421127492991
1421127492993
1421127492995
1421127492998
1421127493000
1421127493002
1421127493005
1421127493007
1421127493009
1421127493012
1421127493014
1421127493017
1421127493019
1421127493021
1421127493024
1421127493026
1421127493028
1421127493031
1421127493033
1421127493035
1421127493038
1421127493040
1421127493042
1421127493045
1421127493047
1421127493049
1421127493052
1421127493054
1421127493056
1421127493059
1421127493061
1421127493063
1421127493066
1421127493068
1421127493070
1421127493073
1421127493075
1421127493077
1421127493080
1421127493082
1421127493084
1421127493087
1421127493089
1421127493091
1421127493094
1421127493096
1421127493098
1421127493101
1421127493103
1421127493106
1421127493128
1421127493138
1421127493140
1421127493143
1421127493145
1421127493150
1421127493154
1421127493157
1421127493161
1421127492739
1421127492752
1421127492784
1421127492788
1421127492793
1421127492797
1421127492801
1421127492802
1421127492806
1421127492810
1421127492815
1421127492819
1421127492824
1421127492828
1421127492833
1421127492837
1421127492842
1421127492846
1421127492851
1421127492855
1421127492859
1421127492864
1421127492868
1421127492873
1421127492877
1421127492882
1421127492887
1421127492891
1421127492895
1421127492896
1421127492900
1421127492905
1421127492909
1421127492914
1421127492918
1421127492922
1421127492927
1421127492931
1421127492936
1421127492940
1421127492945
1421127492950
1421127492954
1421127492959
1421127492963
1421127492968
1421127492972
1421127492977
1421127492981
1421127492986
1421127492990
1421127492995
1421127492999
1421127493004
1421127493009
1421127493013
1421127493018
1421127493022
1421127493027
1421127493031
1421127493036
1421127493040
1421127493045
1421127493049
1421127493054
1421127493058
1421127493063
1421127493067
1421127493072
1421127493077
1421127493081
1421127493086
1421127493090
1421127493095
1421127493100
1421127493104
1421127493109
1421127493113
1421127493118
1421127493124
1421127493130
1421127493134
1421127493139
1421127493143
1421127493148
1421127493152
1421127493157
1421127493161
1421127493166
1421127493170
1421127493174
1421127493179
1421127493184
1421127493188
1421127493193
1421127493204
1421127493208
1421127493217
1421127493222
1421127493236
1421127493257
1421127492754
1421127492759
1421127492763
1421127492768
1421127492772
1421127492781
1421127492786
1421127492790
1421127492799
1421127492804
1421127492812
1421127492817
1421127492821
1421127492826
1421127492830
1421127492835
1421127492839
1421127492844
1421127492848
1421127492853
1421127492857
1421127492861
1421127492866
1421127492870
1421127492875
1421127492879
1421127492880
1421127492884
1421127492889
1421127492893
1421127492898
1421127492902
1421127492907
1421127492911
1421127492916
1421127492920
1421127492925
1421127492929
1421127492933
1421127492938
1421127492942
1421127492943
1421127492947
1421127492952
1421127492956
1421127492957
1421127492961
1421127492966
1421127492970
1421127492975
1421127492979
1421127492983
1421127492988
1421127492992
1421127492997
1421127493002
1421127493006
1421127493011
1421127493015
1421127493020
1421127493024
1421127493029
1421127493033
1421127493038
1421127493042
1421127493047
1421127493051
1421127493056
1421127493060
1421127493065
1421127493070
1421127493074
1421127493079
1421127493084
1421127493088
1421127493093
1421127493097
1421127493102
1421127493106
1421127493111
1421127493115
1421127493120
1421127493127
1421127493132
1421127493136
1421127493141
1421127493145
1421127493150
1421127493154
1421127493159
1421127493163
1421127493168
1421127493172
1421127493177
1421127493181
1421127493186
1421127493190
1421127493197
1421127493201
1421127493233
1421127493247
1421127493006
1421127493025
1421127493032
1421127493034
1421127493037
1421127493039
1421127493041
1421127493044
1421127493046
1421127493048
1421127493051
1421127493053
1421127493055
1421127493058
1421127493060
1421127493063
1421127493065
1421127493067
1421127493070
1421127493072
1421127493074
1421127493077
1421127493079
1421127493081
1421127493084
1421127493086
1421127493089
1421127493091
1421127493093
1421127493096
1421127493098
1421127493100
1421127493103
1421127493105
1421127493108
1421127493110
1421127493113
1421127493116
1421127493120
1421127493124
1421127493128
1421127493130
1421127493132
1421127493135
1421127493137
1421127493139
1421127493142
1421127493144
1421127493147
1421127493149
1421127493151
1421127493154
1421127493156
1421127493158
1421127493161
1421127493163
1421127493166
1421127493168
1421127493170
1421127493173
1421127493175
1421127493177
1421127493180
1421127493182
1421127493184
1421127493187
1421127493189
1421127493191
1421127493194
1421127493195
1421127493198
1421127493200
1421127493203
1421127493205
1421127493208
1421127493210
1421127493212
1421127493215
1421127493217
1421127493219
1421127493222
1421127493224
1421127493227
1421127493229
1421127493231
1421127493234
1421127493236
1421127493239
1421127493241
1421127493243
1421127493246
1421127493248
1421127493258
1421127493263
1421127493279
1421127493291
1421127493295
1421127493299
1421127493303
1421127493312
1421127493337
1421127493108
1421127493111
1421127493114
1421127493118
1421127493122
1421127493126
1421127493131
1421127493133
1421127493136
1421127493147
1421127493152
1421127493159
1421127493163
1421127493166
1421127493168
1421127493171
1421127493173
1421127493175
1421127493178
1421127493180
1421127493182
1421127493185
1421127493187
1421127493189
1421127493192
1421127493194
1421127493197
1421127493200
1421127493202
1421127493204
1421127493207
1421127493209
1421127493211
1421127493214
1421127493217
1421127493221
1421127493226
1421127493228
1421127493231
1421127493233
1421127493235
1421127493238
1421127493240
1421127493243
1421127493245
1421127493247
1421127493250
1421127493254
1421127493257
1421127493260
1421127493264
1421127493266
1421127493270
1421127493272
1421127493275
1421127493278
1421127493280
1421127493283
1421127493286
1421127493289
1421127493291
1421127493294
1421127493297
1421127493300
1421127493303
1421127493306
1421127493309
1421127493312
1421127493315
1421127493319
1421127493321
1421127493324
1421127493327
1421127493330
1421127493333
1421127493336
1421127493339
1421127493342
1421127493345
1421127493348
1421127493351
1421127493353
1421127493356
1421127493359
1421127493364
1421127493367
1421127493370
1421127493376
1421127493379
1421127493381
1421127493384
1421127493390
1421127493393
1421127493395
1421127493406
1421127493409
1421127493412
1421127493414
1421127493417
1421127493419
1421127493425
1421127493248
1421127493253
1421127493256
1421127493267
1421127493271
1421127493275
1421127493283
1421127493287
1421127493308
1421127493316
1421127493320
1421127493324
1421127493328
1421127493333
1421127493337
1421127493341
1421127493345
1421127493349
1421127493353
1421127493358
1421127493362
1421127493366
1421127493370
1421127493374
1421127493378
1421127493383
1421127493387
1421127493391
1421127493395
1421127493407
1421127493412
1421127493416
1421127493420
1421127493424
1421127493428
1421127493432
1421127493437
1421127493441
1421127493445
1421127493449
1421127493453
1421127493458
1421127493462
1421127493466
1421127493470
1421127493474
1421127493478
1421127493481
1421127493485
1421127493489
1421127493493
1421127493497
1421127493501
1421127493503
1421127493506
1421127493508
1421127493511
1421127493514
1421127493517
1421127493520
1421127493523
1421127493526
1421127493528
1421127493531
1421127493533
1421127493536
1421127493540
1421127493542
1421127493545
1421127493547
1421127493550
1421127493552
1421127493555
1421127493558
1421127493560
1421127493563
1421127493567
1421127493571
1421127493574
1421127493577
1421127493580
1421127493583
1421127493586
1421127493589
1421127493591
1421127493594
1421127493597
1421127493599
1421127493602
1421127493605
1421127493608
1421127493610
1421127493613
1421127493616
1421127493619
1421127493626
1421127493629
1421127493631
1421127493637
1421127493640
1421127493643
1421127493362
1421127493373
1421127493387
1421127493422
1421127493428
1421127493429
1421127493432
1421127493435
1421127493437
1421127493440
1421127493443
1421127493446
1421127493449
1421127493452
1421127493455
1421127493458
1421127493460
1421127493463
1421127493466
1421127493469
1421127493473
1421127493476
1421127493480
1421127493483
1421127493486
1421127493489
1421127493492
1421127493495
1421127493498
1421127493501
1421127493503
1421127493506
1421127493509
1421127493511
1421127493514
1421127493517
1421127493520
1421127493522
1421127493525
1421127493528
1421127493531
1421127493534
1421127493537
1421127493540
1421127493542
1421127493545
1421127493547
1421127493550
1421127493553
1421127493555
1421127493559
1421127493562
1421127493564
1421127493567
1421127493570
1421127493572
1421127493575
1421127493579
1421127493582
1421127493586
1421127493589
1421127493591
1421127493594
1421127493597
1421127493599
1421127493603
1421127493606
1421127493609
1421127493611
1421127493614
1421127493627
1421127493630
1421127493633
1421127493636
1421127493639
1421127493642
1421127493645
1421127493648
1421127493651
1421127493654
1421127493656
1421127493658
1421127493661
1421127493663
1421127493666
1421127493669
1421127493672
1421127493674
1421127493677
1421127493680
1421127493682
1421127493685
1421127493688
1421127493691
1421127493694
1421127493697
1421127493700
1421127493702
1421127493736
1421127493742
1421127493768
1421127493201
1421127493206
1421127493210
1421127493215
1421127493220
1421127493224
1421127493229
1421127493238
1421127493242
1421127493255
1421127493260
1421127493266
1421127493272
1421127493273
1421127493279
1421127493286
1421127493291
1421127493297
1421127493303
1421127493309
1421127493315
1421127493320
1421127493326
1421127493332
1421127493338
1421127493344
1421127493349
1421127493354
1421127493359
1421127493364
1421127493369
1421127493370
1421127493375
1421127493376
1421127493384
1421127493392
1421127493408
1421127493416
1421127493425
1421127493433
1421127493441
1421127493450
1421127493458
1421127493466
1421127493474
1421127493483
1421127493491
1421127493499
1421127493507
1421127493515
1421127493524
1421127493532
1421127493541
1421127493549
1421127493557
1421127493565
1421127493573
1421127493581
1421127493582
1421127493590
1421127493598
1421127493606
1421127493614
1421127493624
1421127493632
1421127493640
1421127493649
1421127493657
1421127493665
1421127493673
1421127493682
1421127493690
1421127493698
1421127493707
1421127493715
1421127493723
1421127493731
1421127493739
1421127493747
1421127493756
1421127493765
1421127493774
1421127493780
1421127493788
1421127493793
1421127493802
1421127493810
1421127493820
1421127493828
1421127493836
1421127493844
1421127493853
1421127493861
1421127493869
1421127493877
1421127493886
1421127493894
1421127493902
1421127493910
1421127493918
1421127493926
1421127493199
1421127493213
1421127493227
1421127493231
1421127493240
1421127493245
1421127493252
1421127493258
1421127493263
1421127493269
1421127493276
1421127493282
1421127493289
1421127493295
1421127493300
1421127493306
1421127493312
1421127493318
1421127493324
1421127493329
1421127493335
1421127493336
1421127493341
1421127493346
1421127493351
1421127493356
1421127493362
1421127493367
1421127493373
1421127493380
1421127493388
1421127493396
1421127493413
1421127493421
1421127493429
1421127493437
1421127493446
1421127493454
1421127493462
1421127493470
1421127493479
1421127493487
1421127493495
1421127493503
1421127493511
1421127493520
1421127493528
1421127493536
1421127493537
1421127493545
1421127493553
1421127493561
1421127493569
1421127493578
1421127493586
1421127493594
1421127493602
1421127493610
1421127493618
1421127493628
1421127493636
1421127493645
1421127493653
1421127493661
1421127493669
1421127493678
1421127493686
1421127493694
1421127493703
1421127493711
1421127493719
1421127493727
1421127493735
1421127493744
1421127493752
1421127493760
1421127493769
1421127493777
1421127493784
1421127493791
1421127493798
1421127493806
1421127493816
1421127493824
1421127493832
1421127493840
1421127493849
1421127493857
1421127493865
1421127493873
1421127493882
1421127493890
1421127493898
1421127493906
1421127493914
1421127493922
1421127493931
1421127493939
1421127493947
1421127493955
1421127493963
1421127493623
1421127493634
1421127493643
1421127493646
1421127493649
1421127493652
1421127493655
1421127493657
1421127493660
1421127493662
1421127493665
1421127493667
1421127493670
1421127493673
1421127493676
1421127493678
1421127493681
1421127493684
1421127493686
1421127493689
1421127493692
1421127493695
1421127493698
1421127493700
1421127493703
1421127493704
1421127493707
1421127493709
1421127493712
1421127493715
1421127493718
1421127493721
1421127493724
1421127493728
1421127493731
1421127493734
1421127493738
1421127493741
1421127493744
1421127493747
1421127493750
1421127493752
1421127493755
1421127493758
1421127493761
1421127493763
1421127493766
1421127493769
1421127493774
1421127493777
1421127493779
1421127493782
1421127493785
1421127493788
1421127493792
1421127493795
1421127493798
1421127493800
1421127493803
1421127493808
1421127493811
1421127493816
1421127493820
1421127493824
1421127493828
1421127493833
1421127493837
1421127493841
1421127493845
1421127493850
1421127493854
1421127493858
1421127493863
1421127493868
1421127493872
1421127493876
1421127493881
1421127493885
1421127493889
1421127493893
1421127493898
1421127493902
1421127493906
1421127493910
1421127493914
1421127493919
1421127493923
1421127493927
1421127493931
1421127493936
1421127493940
1421127493944
1421127493948
1421127493953
1421127493965
1421127493969
1421127493974
1421127493995
1421127493999
1421127494012
1421127494016
1421127493703
1421127493706
1421127493709
1421127493711
1421127493714
1421127493717
1421127493719
1421127493722
1421127493726
1421127493729
1421127493732
1421127493739
1421127493745
1421127493748
1421127493750
1421127493753
1421127493756
1421127493759
1421127493762
1421127493765
1421127493770
1421127493774
1421127493777
1421127493779
1421127493783
1421127493786
1421127493788
1421127493791
1421127493794
1421127493797
1421127493799
1421127493802
1421127493805
1421127493808
1421127493811
1421127493814
1421127493817
1421127493819
1421127493823
1421127493826
1421127493829
1421127493831
1421127493834
1421127493837
1421127493839
1421127493842
1421127493845
1421127493847
1421127493850
1421127493854
1421127493857
1421127493858
1421127493861
1421127493863
1421127493866
1421127493869
1421127493872
1421127493875
1421127493878
1421127493881
1421127493883
1421127493886
1421127493888
1421127493892
1421127493894
1421127493897
1421127493900
1421127493903
1421127493906
1421127493909
1421127493915
1421127493919
1421127493923
1421127493928
1421127493932
1421127493936
1421127493940
1421127493945
1421127493949
1421127493953
1421127493957
1421127493962
1421127493966
1421127493970
1421127493974
1421127493978
1421127493983
1421127493987
1421127493991
1421127493995
1421127494000
1421127494013
1421127494017
1421127494035
1421127494038
1421127494046
1421127494049
1421127494052
1421127494061
1421127494067
1421127494080
1421127494000
1421127494004
1421127494008
1421127494021
1421127494025
1421127494032
1421127494041
1421127494044
1421127494055
1421127494058
1421127494064
1421127494070
1421127494084
1421127494088
1421127494093
1421127494097
1421127494101
1421127494105
1421127494110
1421127494118
1421127494122
1421127494125
1421127494128
1421127494131
1421127494134
1421127494137
1421127494139
1421127494143
1421127494147
1421127494160
1421127494165
1421127494169
1421127494173
1421127494177
1421127494181
1421127494185
1421127494187
1421127494190
1421127494193
1421127494196
1421127494198
1421127494201
1421127494204
1421127494206
1421127494209
1421127494212
1421127494215
1421127494218
1421127494220
1421127494223
1421127494226
1421127494229
1421127494232
1421127494235
1421127494238
1421127494241
1421127494243
1421127494246
1421127494249
1421127494251
1421127494254
1421127494257
1421127494260
1421127494263
1421127494267
1421127494270
1421127494274
1421127494277
1421127494281
1421127494284
1421127494287
1421127494291
1421127494294
1421127494297
1421127494301
1421127494304
1421127494308
1421127494312
1421127494316
1421127494319
1421127494323
1421127494327
1421127494330
1421127494333
1421127494337
1421127494347
1421127494350
1421127494358
1421127494362
1421127494371
1421127494374
1421127494376
1421127494379
1421127494382
1421127494384
1421127494386
1421127494389
1421127494392
1421127494395
1421127494400
1421127494406
1421127493944
1421127493957
1421127493961
1421127493978
1421127493982
1421127493987
1421127493991
1421127494004
1421127494008
1421127494021
1421127494025
1421127494029
1421127494033
1421127494037
1421127494038
1421127494042
1421127494046
1421127494050
1421127494055
1421127494059
1421127494063
1421127494067
1421127494072
1421127494076
1421127494080
1421127494084
1421127494089
1421127494093
1421127494097
1421127494102
1421127494106
1421127494110
1421127494114
1421127494119
1421127494123
1421127494127
1421127494131
1421127494136
1421127494140
1421127494144
1421127494148
1421127494152
1421127494157
1421127494161
1421127494165
1421127494169
1421127494174
1421127494178
1421127494182
1421127494186
1421127494191
1421127494194
1421127494198
1421127494202
1421127494206
1421127494210
1421127494214
1421127494219
1421127494223
1421127494227
1421127494231
1421127494236
1421127494240
1421127494244
1421127494248
1421127494252
1421127494257
1421127494261
1421127494266
1421127494271
1421127494276
1421127494279
1421127494282
1421127494286
1421127494289
1421127494292
1421127494296
1421127494299
1421127494302
1421127494306
1421127494309
1421127494310
1421127494314
1421127494321
1421127494328
1421127494331
1421127494334
1421127494338
1421127494349
1421127494354
1421127494360
1421127494372
1421127494376
1421127494381
1421127494385
1421127494389
1421127494393
1421127494398
1421127494402
1421127494406
1421127494410
1421127493926
1421127493935
1421127493943
1421127493951
1421127493959
1421127493967
1421127493968
1421127493976
1421127493984
1421127493992
1421127494000
1421127494008
1421127494016
1421127494025
1421127494036
1421127494045
1421127494053
1421127494061
1421127494070
1421127494084
1421127494094
1421127494099
1421127494104
1421127494110
1421127494117
1421127494122
1421127494127
1421127494133
1421127494138
1421127494143
1421127494150
1421127494157
1421127494164
1421127494171
1421127494181
1421127494188
1421127494193
1421127494198
1421127494204
1421127494209
1421127494214
1421127494219
1421127494224
1421127494230
1421127494236
1421127494241
1421127494247
1421127494252
1421127494258
1421127494264
1421127494271
1421127494278
1421127494285
1421127494291
1421127494298
1421127494304
1421127494311
1421127494318
1421127494326
1421127494332
1421127494341
1421127494349
1421127494358
1421127494372
1421127494381
1421127494389
1421127494397
1421127494405
1421127494413
1421127494421
1421127494430
1421127494438
1421127494446
1421127494452
1421127494457
1421127494463
1421127494470
1421127494478
1421127494483
1421127494488
1421127494494
1421127494499
1421127494504
1421127494509
1421127494515
1421127494520
1421127494521
1421127494527
1421127494533
1421127494539
1421127494545
1421127494550
1421127494555
1421127494561
1421127494566
1421127494572
1421127494577
1421127494583
1421127494590
1421127494597
1421127494604
1421127493964
1421127493972
1421127493980
1421127493988
1421127493996
1421127494004
1421127494012
1421127494021
1421127494032
1421127494041
1421127494049
1421127494057
1421127494066
1421127494074
1421127494091
1421127494097
1421127494102
1421127494107
1421127494114
1421127494119
1421127494124
1421127494130
1421127494136
1421127494141
1421127494147
1421127494154
1421127494161
1421127494168
1421127494178
1421127494185
1421127494190
1421127494196
1421127494201
1421127494206
1421127494211
1421127494217
1421127494222
1421127494227
1421127494233
1421127494238
1421127494244
1421127494250
1421127494255
1421127494261
1421127494268
1421127494275
1421127494282
1421127494288
1421127494295
1421127494301
1421127494308
1421127494315
1421127494322
1421127494329
1421127494336
1421127494344
1421127494353
1421127494363
1421127494377
1421127494385
1421127494393
1421127494401
1421127494409
1421127494417
1421127494426
1421127494434
1421127494442
1421127494449
1421127494454
1421127494460
1421127494467
1421127494473
1421127494481
1421127494485
1421127494491
1421127494496
1421127494502
1421127494507
1421127494512
1421127494518
1421127494524
1421127494530
1421127494536
1421127494542
1421127494547
1421127494553
1421127494558
1421127494564
1421127494569
1421127494575
1421127494580
1421127494587
1421127494601
1421127494608
1421127494614
1421127494620
1421127494631
1421127494642
1421127494649
1421127494655
1421127494660
1421127494343
1421127494354
1421127494397
1421127494403
1421127494408
1421127494411
1421127494414
1421127494417
1421127494419
1421127494422
1421127494425
1421127494428
1421127494432
1421127494435
1421127494438
1421127494441
1421127494444
1421127494447
1421127494449
1421127494452
1421127494455
1421127494457
1421127494460
1421127494464
1421127494466
1421127494469
1421127494472
1421127494475
1421127494476
1421127494478
1421127494480
1421127494481
1421127494483
1421127494486
1421127494489
1421127494492
1421127494495
1421127494498
1421127494500
1421127494503
1421127494506
1421127494508
1421127494511
1421127494514
1421127494517
1421127494520
1421127494524
1421127494529
1421127494533
1421127494537
1421127494541
1421127494545
1421127494549
1421127494554
1421127494558
1421127494562
1421127494566
1421127494570
1421127494575
1421127494579
1421127494583
1421127494587
1421127494591
1421127494596
1421127494600
1421127494604
1421127494608
1421127494612
1421127494617
1421127494621
1421127494625
1421127494629
1421127494634
1421127494639
1421127494643
1421127494650
1421127494651
1421127494654
1421127494657
1421127494659
1421127494664
1421127494666
1421127494669
1421127494672
1421127494675
1421127494678
1421127494682
1421127494686
1421127494690
1421127494694
1421127494698
1421127494703
1421127494707
1421127494711
1421127494715
1421127494719
1421127494724
1421127494728
1421127494732
1421127494736
1421127494828
1421127494317
1421127494324
1421127494343
1421127494415
1421127494419
1421127494423
1421127494427
1421127494432
1421127494436
1421127494440
1421127494444
1421127494449
1421127494453
1421127494457
1421127494461
1421127494466
1421127494470
1421127494474
1421127494480
1421127494484
1421127494490
1421127494495
1421127494499
1421127494504
1421127494508
1421127494509
1421127494513
1421127494518
1421127494522
1421127494526
1421127494530
1421127494535
1421127494539
1421127494543
1421127494547
1421127494551
1421127494556
1421127494560
1421127494564
1421127494568
1421127494573
1421127494577
1421127494581
1421127494585
1421127494590
1421127494601
1421127494606
1421127494611
1421127494615
1421127494623
1421127494627
1421127494632
1421127494636
1421127494640
1421127494644
1421127494649
1421127494653
1421127494657
1421127494661
1421127494665
1421127494670
1421127494674
1421127494678
1421127494682
1421127494686
1421127494691
1421127494695
1421127494699
1421127494703
1421127494707
1421127494708
1421127494712
1421127494716
1421127494720
1421127494725
1421127494729
1421127494733
1421127494737
1421127494742
1421127494746
1421127494754
1421127494758
1421127494763
1421127494767
1421127494772
1421127494776
1421127494781
1421127494788
1421127494792
1421127494795
1421127494798
1421127494801
1421127494803
1421127494828
1421127494841
1421127494845
1421127494856
1421127494866
1421127494870
1421127494900
1421127494904
1421127494809
1421127494814
1421127494819
1421127494824
1421127494832
1421127494837
1421127494850
1421127494861
1421127494875
1421127494879
1421127494883
1421127494887
1421127494891
1421127494895
1421127494908
1421127494912
1421127494917
1421127494921
1421127494925
1421127494929
1421127494934
1421127494938
1421127494942
1421127494946
1421127494950
1421127494951
1421127494955
1421127494959
1421127494963
1421127494968
1421127494972
1421127494976
1421127494980
1421127494985
1421127494989
1421127494993
1421127494997
1421127494998
1421127495002
1421127495006
1421127495010
1421127495014
1421127495019
1421127495023
1421127495027
1421127495031
1421127495035
1421127495041
1421127495045
1421127495049
1421127495053
1421127495058
1421127495062
1421127495066
1421127495070
1421127495074
1421127495078
1421127495082
1421127495086
1421127495089
1421127495149
1421127495152
1421127495154
1421127495155
1421127495160
1421127495163
1421127495166
1421127495169
1421127495175
1421127495181
1421127495186
1421127495193
1421127495196
1421127495199
1421127495202
1421127495205
1421127495208
1421127495211
1421127495214
1421127495217
1421127495220
1421127495223
1421127495225
1421127495229
1421127495232
1421127495235
1421127495237
1421127495240
1421127495243
1421127495246
1421127495248
1421127495251
1421127495254
1421127495257
1421127495259
1421127495262
1421127495265
1421127495268
1421127495270
1421127495273
1421127495275
1421127494605
1421127494610
1421127494617
1421127494622
1421127494628
1421127494633
1421127494639
1421127494645
1421127494651
1421127494657
1421127494662
1421127494667
1421127494673
1421127494678
1421127494683
1421127494684
1421127494689
1421127494694
1421127494700
1421127494705
1421127494710
1421127494718
1421127494724
1421127494730
1421127494734
1421127494740
1421127494745
1421127494758
1421127494766
1421127494774
1421127494783
1421127494792
1421127494800
1421127494801
1421127494808
1421127494813
1421127494819
1421127494825
1421127494829
1421127494835
1421127494840
1421127494846
1421127494851
1421127494856
1421127494862
1421127494868
1421127494873
1421127494879
1421127494884
1421127494890
1421127494897
1421127494903
1421127494910
1421127494915
1421127494921
1421127494928
1421127494936
1421127494943
1421127494949
1421127494955
1421127494964
1421127494973
1421127494981
1421127494989
1421127494997
1421127495006
1421127495014
1421127495022
1421127495030
1421127495040
1421127495049
1421127495057
1421127495065
1421127495188
1421127495197
1421127495206
1421127495213
1421127495218
1421127495224
1421127495229
1421127495240
1421127495247
1421127495255
1421127495263
1421127495268
1421127495272
1421127495277
1421127495281
1421127495354
1421127495363
1421127495368
1421127495377
1421127495381
1421127495386
1421127495390
1421127495395
1421127495399
1421127495404
1421127495408
1421127495413
1421127495417
1421127494594
1421127494625
1421127494636
1421127494665
1421127494670
1421127494675
1421127494681
1421127494686
1421127494692
1421127494697
1421127494703
1421127494708
1421127494715
1421127494721
1421127494727
1421127494732
1421127494737
1421127494743
1421127494754
1421127494762
1421127494770
1421127494779
1421127494787
1421127494797
1421127494805
1421127494811
1421127494816
1421127494822
1421127494827
1421127494832
1421127494837
1421127494843
1421127494848
1421127494854
1421127494859
1421127494865
1421127494871
1421127494876
1421127494882
1421127494887
1421127494894
1421127494900
1421127494907
1421127494913
1421127494918
1421127494924
1421127494932
1421127494940
1421127494946
1421127494952
1421127494958
1421127494969
1421127494977
1421127494985
1421127494994
1421127495002
1421127495010
1421127495018
1421127495026
1421127495035
1421127495045
1421127495053
1421127495061
1421127495070
1421127495078
1421127495086
1421127495094
1421127495102
1421127495112
1421127495113
1421127495123
1421127495131
1421127495139
1421127495148
1421127495157
1421127495166
1421127495175
1421127495183
1421127495192
1421127495201
1421127495210
1421127495216
1421127495221
1421127495226
1421127495231
1421127495244
1421127495252
1421127495259
1421127495266
1421127495270
1421127495275
1421127495279
1421127495284
1421127495288
1421127495293
1421127495297
1421127495307
1421127495330
1421127495336
1421127495347
1421127495356
1421127495065
1421127495073
1421127495082
1421127495090
1421127495098
1421127495106
1421127495118
1421127495127
1421127495135
1421127495143
1421127495152
1421127495162
1421127495170
1421127495178
1421127495187
1421127495282
1421127495286
1421127495290
1421127495295
1421127495300
1421127495304
1421127495309
1421127495313
1421127495318
1421127495322
1421127495328
1421127495333
1421127495338
1421127495349
1421127495354
1421127495358
1421127495372
1421127495418
1421127495422
1421127495427
1421127495431
1421127495436
1421127495440
1421127495445
1421127495449
1421127495454
1421127495458
1421127495463
1421127495467
1421127495472
1421127495476
1421127495480
1421127495481
1421127495486
1421127495491
1421127495497
1421127495503
1421127495508
1421127495514
1421127495519
1421127495525
1421127495531
1421127495536
1421127495542
1421127495547
1421127495553
1421127495559
1421127495564
1421127495569
1421127495575
1421127495581
1421127495586
1421127495592
1421127495598
1421127495603
1421127495609
1421127495615
1421127495620
1421127495626
1421127495632
1421127495638
1421127495643
1421127495649
1421127495655
1421127495660
1421127495666
1421127495672
1421127495676
1421127495681
1421127495685
1421127495690
1421127495694
1421127495699
1421127495703
1421127495708
1421127495713
1421127495717
1421127495722
1421127495726
1421127495731
1421127495735
1421127495740
1421127495744
1421127495748
1421127495766
1421127495771
1421127495297
1421127495302
1421127495311
1421127495316
1421127495320
1421127495325
1421127495352
1421127495361
1421127495365
1421127495366
1421127495370
1421127495375
1421127495379
1421127495384
1421127495388
1421127495393
1421127495397
1421127495402
1421127495406
1421127495411
1421127495415
1421127495420
1421127495425
1421127495429
1421127495434
1421127495438
1421127495443
1421127495447
1421127495452
1421127495456
1421127495461
1421127495465
1421127495469
1421127495474
1421127495478
1421127495483
1421127495561
1421127495567
1421127495572
1421127495578
1421127495584
1421127495589
1421127495595
1421127495601
1421127495606
1421127495612
1421127495618
1421127495623
1421127495629
1421127495635
1421127495641
1421127495646
1421127495652
1421127495658
1421127495663
1421127495669
1421127495674
1421127495679
1421127495683
1421127495688
1421127495692
1421127495697
1421127495701
1421127495706
1421127495711
1421127495715
1421127495720
1421127495724
1421127495728
1421127495733
1421127495737
1421127495742
1421127495746
1421127495751
1421127495755
1421127495760
1421127495764
1421127495769
1421127495773
1421127495778
1421127495782
1421127495787
1421127495791
1421127495796
1421127495800
1421127495805
1421127495809
1421127495814
1421127495819
1421127495823
1421127495828
1421127495832
1421127495837
1421127495841
1421127495847
1421127495853
1421127495858
1421127495864
1421127495870
1421127495875
1421127495880
1421127495708
1421127495753
1421127495757
1421127495762
1421127495771
1421127495775
1421127495780
1421127495784
1421127495789
1421127495793
1421127495798
1421127495802
1421127495807
1421127495811
1421127495816
1421127495821
1421127495825
1421127495830
1421127495834
1421127495839
1421127495844
1421127495850
1421127495856
1421127495861
1421127495867
1421127495872
1421127495878
1421127495883
1421127495889
1421127495895
1421127495901
1421127495906
1421127495911
1421127495917
1421127495922
1421127495928
1421127495933
1421127495939
1421127495944
1421127495950
1421127495955
1421127495960
1421127495966
1421127495971
1421127495977
1421127495982
1421127495986
1421127495987
1421127495991
1421127495995
1421127495996
1421127496000
1421127496004
1421127496009
1421127496013
1421127496017
1421127496018
1421127496022
1421127496026
1421127496031
1421127496035
1421127496039
1421127496044
1421127496048
1421127496053
1421127496057
1421127496062
1421127496066
1421127496070
1421127496075
1421127496079
1421127496084
1421127496088
1421127496093
1421127496097
1421127496101
1421127496106
1421127496110
1421127496115
1421127496119
1421127496124
1421127496128
1421127496133
1421127496137
1421127496141
1421127496146
1421127496150
1421127496154
1421127496159
1421127496163
1421127496168
1421127496172
1421127496177
1421127496185
1421127496190
1421127496209
1421127496220
1421127496226
1421127496231
1421127496237
1421127496242
1421127495483
1421127495489
1421127495494
1421127495500
1421127495506
1421127495511
1421127495517
1421127495522
1421127495528
1421127495534
1421127495539
1421127495545
1421127495550
1421127495556
1421127495814
1421127495881
1421127495886
1421127495892
1421127495898
1421127495903
1421127495909
1421127495915
1421127495920
1421127495925
1421127495931
1421127495936
1421127495942
1421127495947
1421127495952
1421127495953
1421127495958
1421127495963
1421127495969
1421127495974
1421127495980
1421127495984
1421127495989
1421127495993
1421127495998
1421127496002
1421127496007
1421127496011
1421127496015
1421127496020
1421127496024
1421127496028
1421127496029
1421127496033
1421127496037
1421127496042
1421127496046
1421127496051
1421127496055
1421127496059
1421127496064
1421127496068
1421127496073
1421127496077
1421127496082
1421127496086
1421127496090
1421127496095
1421127496099
1421127496104
1421127496108
1421127496113
1421127496117
1421127496122
1421127496126
1421127496130
1421127496135
1421127496139
1421127496144
1421127496148
1421127496152
1421127496157
1421127496161
1421127496166
1421127496170
1421127496174
1421127496179
1421127496183
1421127496188
1421127496192
1421127496196
1421127496201
1421127496206
1421127496212
1421127496217
1421127496223
1421127496228
1421127496234
1421127496240
1421127496245
1421127496251
1421127496263
1421127496274
1421127496292
1421127496296
1421127496300
1421127496322
1421127496181
1421127496194
1421127496199
1421127496203
1421127496214
1421127496242
1421127496248
1421127496260
1421127496266
1421127496272
1421127496276
1421127496280
1421127496285
1421127496289
1421127496294
1421127496298
1421127496302
1421127496307
1421127496311
1421127496316
1421127496320
1421127496325
1421127496329
1421127496333
1421127496338
1421127496342
1421127496347
1421127496351
1421127496355
1421127496360
1421127496364
1421127496368
1421127496373
1421127496377
1421127496382
1421127496386
1421127496390
1421127496395
1421127496399
1421127496404
1421127496408
1421127496412
1421127496417
1421127496421
1421127496426
1421127496430
1421127496435
1421127496439
1421127496444
1421127496448
1421127496452
1421127496457
1421127496461
1421127496466
1421127496470
1421127496474
1421127496479
1421127496483
1421127496488
1421127496492
1421127496497
1421127496501
1421127496505
1421127496510
1421127496514
1421127496519
1421127496523
1421127496527
1421127496532
1421127496536
1421127496540
1421127496545
1421127496549
1421127496554
1421127496558
1421127496563
1421127496567
1421127496572
1421127496576
1421127496580
1421127496585
1421127496589
1421127496594
1421127496598
1421127496603
1421127496607
1421127496611
1421127496616
1421127496620
1421127496625
1421127496629
1421127496634
1421127496638
1421127496643
1421127496656
1421127496660
1421127496665
1421127496669
1421127496678
1421127496682
1421127496687
1421127496263
1421127496269
1421127496278
1421127496283
1421127496287
1421127496305
1421127496309
1421127496314
1421127496318
1421127496323
1421127496327
1421127496331
1421127496336
1421127496340
1421127496344
1421127496349
1421127496353
1421127496358
1421127496362
1421127496366
1421127496371
1421127496375
1421127496379
1421127496380
1421127496384
1421127496388
1421127496393
1421127496397
1421127496401
1421127496406
1421127496410
1421127496415
1421127496419
1421127496424
1421127496428
1421127496432
1421127496437
1421127496441
1421127496446
1421127496450
1421127496455
1421127496459
1421127496463
1421127496468
1421127496472
1421127496477
1421127496481
1421127496486
1421127496490
1421127496494
1421127496495
1421127496499
1421127496503
1421127496508
1421127496512
1421127496517
1421127496521
1421127496525
1421127496530
1421127496534
1421127496538
1421127496543
1421127496547
1421127496552
1421127496556
1421127496560
1421127496565
1421127496569
1421127496574
1421127496578
1421127496583
1421127496587
1421127496592
1421127496596
1421127496600
1421127496605
1421127496609
1421127496614
1421127496618
1421127496623
1421127496627
1421127496632
1421127496636
1421127496640
1421127496645
1421127496649
1421127496654
1421127496658
1421127496662
1421127496667
1421127496671
1421127496676
1421127496680
1421127496684
1421127496689
1421127496693
1421127496698
1421127496702
1421127496707
1421127496715
1421127496724
1421127496625
1421127496647
1421127496651
1421127496673
1421127496687
1421127496691
1421127496696
1421127496700
1421127496704
1421127496709
1421127496713
1421127496717
1421127496722
1421127496726
1421127496731
1421127496735
1421127496739
1421127496744
1421127496748
1421127496753
1421127496757
1421127496762
1421127496766
1421127496770
1421127496775
1421127496779
1421127496784
1421127496788
1421127496793
1421127496797
1421127496802
1421127496806
1421127496810
1421127496815
1421127496819
1421127496824
1421127496828
1421127496832
1421127496837
1421127496841
1421127496846
1421127496850
1421127496854
1421127496859
1421127496863
1421127496867
1421127496872
1421127496876
1421127496881
1421127496885
1421127496890
1421127496894
1421127496898
1421127496903
1421127496907
1421127496911
1421127496916
1421127496920
1421127496925
1421127496929
1421127496933
1421127496938
1421127496942
1421127496947
1421127496951
1421127496956
1421127496960
1421127496964
1421127496969
1421127496973
1421127496977
1421127496982
1421127496986
1421127496991
1421127496995
1421127496999
1421127497004
1421127497008
1421127497013
1421127497017
1421127497022
1421127497026
1421127497030
1421127497035
1421127497039
1421127497044
1421127497048
1421127497052
1421127497057
1421127497066
1421127497070
1421127497075
1421127497079
1421127497083
1421127497092
1421127497097
1421127497101
1421127497105
1421127497110
1421127497115
1421127497119
1421127496711
1421127496720
1421127496724
1421127496729
1421127496733
1421127496737
1421127496742
1421127496746
1421127496751
1421127496755
1421127496759
1421127496764
1421127496768
1421127496773
1421127496777
1421127496782
1421127496786
1421127496791
1421127496795
1421127496799
1421127496804
1421127496808
1421127496813
1421127496817
1421127496822
1421127496826
1421127496830
1421127496835
1421127496839
1421127496843
1421127496848
1421127496852
1421127496857
1421127496861
1421127496865
1421127496870
1421127496874
1421127496879
1421127496883
1421127496887
1421127496892
1421127496896
1421127496901
1421127496905
1421127496909
1421127496914
1421127496918
1421127496922
1421127496927
1421127496931
1421127496936
1421127496940
1421127496945
1421127496949
1421127496953
1421127496954
1421127496958
1421127496962
1421127496967
1421127496971
1421127496975
1421127496980
1421127496984
1421127496988
1421127496993
1421127496997
1421127497002
1421127497006
1421127497011
1421127497015
1421127497019
1421127497024
1421127497028
1421127497033
1421127497037
1421127497042
1421127497046
1421127497050
1421127497055
1421127497059
1421127497064
1421127497068
1421127497073
1421127497077
1421127497081
1421127497086
1421127497090
1421127497095
1421127497099
1421127497103
1421127497108
1421127497113
1421127497117
1421127497128
1421127497132
1421127497146
1421127497151
1421127497156
1421127497174
1421127497188
1421127497192
1421127497132
1421127497137
1421127497142
1421127497160
1421127497165
1421127497169
1421127497179
1421127497183
1421127497192
1421127497197
1421127497202
1421127497206
1421127497211
1421127497215
1421127497220
1421127497224
1421127497229
1421127497233
1421127497238
1421127497243
1421127497248
1421127497252
1421127497253
1421127497257
1421127497262
1421127497267
1421127497271
1421127497276
1421127497280
1421127497285
1421127497290
1421127497294
1421127497299
1421127497303
1421127497308
1421127497313
1421127497317
1421127497322
1421127497327
1421127497332
1421127497336
1421127497341
1421127497346
1421127497350
1421127497355
1421127497359
1421127497364
1421127497368
1421127497373
1421127497378
1421127497382
1421127497387
1421127497392
1421127497396
1421127497401
1421127497405
1421127497410
1421127497414
1421127497419
1421127497424
1421127497428
1421127497433
1421127497438
1421127497443
1421127497447
1421127497452
1421127497456
1421127497461
1421127497466
1421127497470
1421127497475
1421127497479
1421127497484
1421127497488
1421127497493
1421127497498
1421127497503
1421127497507
1421127497512
1421127497517
1421127497521
1421127497525
1421127497529
1421127497533
1421127497538
1421127497542
1421127497546
1421127497550
1421127497554
1421127497559
1421127497563
1421127497567
1421127497571
1421127497575
1421127497579
1421127497583
1421127497588
1421127497592
1421127497596
1421127497600
1421127497604
1421127497061
1421127497088
1421127497130
1421127497135
1421127497139
1421127497144
1421127497149
1421127497153
1421127497158
1421127497163
1421127497167
1421127497172
1421127497176
1421127497181
1421127497185
1421127497190
1421127497195
1421127497199
1421127497204
1421127497208
1421127497213
1421127497217
1421127497222
1421127497226
1421127497231
1421127497236
1421127497240
1421127497245
1421127497250
1421127497255
1421127497259
1421127497264
1421127497269
1421127497273
1421127497278
1421127497283
1421127497287
1421127497292
1421127497296
1421127497301
1421127497306
1421127497310
1421127497315
1421127497320
1421127497324
1421127497329
1421127497334
1421127497339
1421127497343
1421127497348
1421127497352
1421127497357
1421127497361
1421127497366
1421127497370
1421127497375
1421127497380
1421127497384
1421127497389
1421127497394
1421127497398
1421127497403
1421127497407
1421127497412
1421127497416
1421127497421
1421127497426
1421127497430
1421127497435
1421127497440
1421127497445
1421127497449
1421127497454
1421127497459
1421127497463
1421127497468
1421127497472
1421127497477
1421127497481
1421127497486
1421127497491
1421127497496
1421127497500
1421127497505
1421127497509
1421127497514
1421127497519
1421127497523
1421127497527
1421127497531
1421127497535
1421127497540
1421127497544
1421127497548
1421127497552
1421127497556
1421127497561
1421127497565
1421127497569
1421127497573
1421127497606
1421127495089
1421127495091
1421127495093
1421127495096
1421127495098
1421127495100
1421127495103
1421127495105
1421127495108
1421127495110
1421127495113
1421127495116
1421127495119
1421127495122
1421127495123
1421127495126
1421127495129
1421127495131
1421127495134
1421127495137
1421127495140
1421127495143
1421127495146
1421127495149
1421127495157
1421127495172
1421127495178
1421127495184
1421127495190
1421127495195
1421127495276
1421127495278
1421127495280
1421127495283
1421127495285
1421127495287
1421127495290
1421127495292
1421127495294
1421127495297
1421127495299
1421127495301
1421127495304
1421127495306
1421127495309
1421127495311
1421127495314
1421127495316
1421127495318
1421127495321
1421127495323
1421127495326
1421127495328
1421127495329
1421127495331
1421127495334
1421127495336
1421127495339
1421127495348
1421127495350
1421127495352
1421127495355
1421127495357
1421127495359
1421127495362
1421127495364
1421127495366
1421127495369
1421127495371
1421127495374
1421127495376
1421127495378
1421127495381
1421127495383
1421127495385
1421127495388
1421127495390
1421127495393
1421127495395
1421127495397
1421127495400
1421127495402
1421127495404
1421127495407
1421127495409
1421127495412
1421127495414
1421127495416
1421127495419
1421127495422
1421127495425
1421127495428
1421127495430
1421127495433
1421127495436
1421127495439
1421127495441
1421127495444
1421127495447
1421127495453
1421127495464
1421127494737
1421127494741
1421127494745
1421127494752
1421127494756
1421127494761
1421127494765
1421127494769
1421127494773
1421127494777
1421127494781
1421127494782
1421127494786
1421127494790
1421127494794
1421127494803
1421127494806
1421127494809
1421127494812
1421127494815
1421127494818
1421127494824
1421127494832
1421127494835
1421127494838
1421127494840
1421127494844
1421127494847
1421127494849
1421127494855
1421127494857
1421127494860
1421127494863
1421127494866
1421127494869
1421127494871
1421127494874
1421127494877
1421127494880
1421127494883
1421127494886
1421127494888
1421127494891
1421127494894
1421127494897
1421127494900
1421127494903
1421127494906
1421127494909
1421127494912
1421127494915
1421127494918
1421127494920
1421127494922
1421127494925
1421127494928
1421127494930
1421127494933
1421127494936
1421127494939
1421127494942
1421127494945
1421127494947
1421127494950
1421127494953
1421127494956
1421127494959
1421127494962
1421127494965
1421127494968
1421127494969
1421127494971
1421127494975
1421127494978
1421127494982
1421127494986
1421127494990
1421127494995
1421127494998
1421127495001
1421127495004
1421127495007
1421127495012
1421127495014
1421127495018
1421127495021
1421127495024
1421127495027
1421127495031
1421127495034
1421127495039
1421127495042
1421127495044
1421127495047
1421127495053
1421127495056
1421127495062
1421127495065
1421127495068
1421127495071
1421127495077
1421127507077
1421127507080
1421127507088
1421127507091
1421127507094
1421127507096
1421127507097
1421127507098
1421127507099
1421127507101
1421127507102
1421127507103
1421127507104
1421127507105
1421127507106
1421127507107
1421127507108
1421127507109
1421127507110
1421127507111
1421127507112
1421127507113
1421127507114
1421127507115
1421127507116
1421127507117
1421127507118
1421127507119
1421127507120
1421127507121
1421127507122
1421127507123
1421127507124
1421127507125
1421127507126
1421127507127
1421127507128
1421127507129
1421127507130
1421127507131
1421127507132
1421127507133
1421127507134
1421127507135
1421127507136
1421127507137
1421127507138
1421127507139
1421127507140
1421127507141
1421127507142
1421127507143
1421127507144
1421127507145
1421127507146
1421127507147
1421127507148
1421127507149
1421127507150
1421127507151
1421127507152
1421127507153
1421127507154
1421127507155
1421127507156
1421127507157
1421127507158
1421127507159
1421127507160
1421127507161
1421127507162
1421127507163
1421127507164
1421127507165
1421127507166
1421127507167
1421127507168
1421127507169
1421127507170
1421127507171
1421127507172
1421127507173
1421127507174
1421127507175
1421127507176
1421127507177
1421127507178
1421127507179
1421127507180
1421127507181
1421127507182
1421127507183
1421127507184
1421127507185
1421127507186
1421127507187
1421127507188
1421127507189
1421127507190
1421127507191
1421127507192
1421127507071
1421127507086
1421127507099
1421127507109
1421127507119
1421127507120
1421127507121
1421127507122
1421127507123
1421127507124
1421127507125
1421127507126
1421127507127
1421127507128
1421127507129
1421127507130
1421127507131
1421127507132
1421127507133
1421127507134
1421127507135
1421127507136
1421127507137
1421127507138
1421127507139
1421127507140
1421127507141
1421127507142
1421127507143
1421127507144
1421127507145
1421127507146
1421127507147
1421127507148
1421127507149
1421127507150
1421127507151
1421127507152
1421127507153
1421127507154
1421127507155
1421127507156
1421127507157
1421127507158
1421127507159
1421127507160
1421127507161
1421127507162
1421127507163
1421127507164
1421127507165
1421127507166
1421127507167
1421127507168
1421127507169
1421127507170
1421127507171
1421127507172
1421127507173
1421127507174
1421127507175
1421127507176
1421127507177
1421127507178
1421127507179
1421127507180
1421127507181
1421127507182
1421127507183
1421127507184
1421127507185
1421127507186
1421127507187
1421127507188
1421127507189
1421127507190
1421127507191
1421127507192
1421127507193
1421127507194
1421127507195
1421127507196
1421127507197
1421127507198
1421127507199
1421127507200
1421127507201
1421127507202
1421127507203
1421127507204
1421127507205
1421127507206
1421127507207
1421127507208
1421127507209
1421127507210
1421127507212
1421127507213
1421127507214
1421127507216
1421127507217
1421127507085
1421127507095
1421127507104
1421127507114
1421127507123
1421127507124
1421127507125
1421127507126
1421127507127
1421127507128
1421127507129
1421127507130
1421127507131
1421127507132
1421127507133
1421127507134
1421127507135
1421127507136
1421127507137
1421127507138
1421127507139
1421127507140
1421127507141
1421127507142
1421127507143
1421127507144
1421127507145
1421127507146
1421127507147
1421127507148
1421127507149
1421127507150
1421127507151
1421127507152
1421127507153
1421127507154
1421127507155
1421127507156
1421127507157
1421127507158
1421127507159
1421127507160
1421127507161
1421127507162
1421127507163
1421127507164
1421127507165
1421127507166
1421127507167
1421127507168
1421127507169
1421127507170
1421127507171
1421127507172
1421127507173
1421127507174
1421127507175
1421127507176
1421127507177
1421127507178
1421127507179
1421127507180
1421127507181
1421127507182
1421127507183
1421127507184
1421127507185
1421127507186
1421127507187
1421127507188
1421127507189
1421127507190
1421127507191
1421127507192
1421127507193
1421127507194
1421127507195
1421127507196
1421127507197
1421127507198
1421127507199
1421127507200
1421127507201
1421127507202
1421127507203
1421127507204
1421127507205
1421127507206
1421127507207
1421127507208
1421127507209
1421127507210
1421127507212
1421127507213
1421127507214
1421127507216
1421127507217
1421127507219
1421127507220
1421127507223
1421127507224
1421127507192
1421127507193
1421127507194
1421127507195
1421127507196
1421127507197
1421127507198
1421127507199
1421127507200
1421127507201
1421127507202
1421127507203
1421127507204
1421127507205
1421127507206
1421127507207
1421127507208
1421127507209
1421127507210
1421127507211
1421127507212
1421127507213
1421127507214
1421127507215
1421127507216
1421127507217
1421127507218
1421127507219
1421127507220
1421127507221
1421127507222
1421127507223
1421127507224
1421127507225
1421127507226
1421127507227
1421127507228
1421127507229
1421127507230
1421127507231
1421127507232
1421127507233
1421127507234
1421127507235
1421127507236
1421127507237
1421127507238
1421127507239
1421127507240
1421127507241
1421127507242
1421127507243
1421127507244
1421127507245
1421127507246
1421127507247
1421127507248
1421127507249
1421127507250
1421127507251
1421127507252
1421127507253
1421127507254
1421127507255
1421127507256
1421127507257
1421127507258
1421127507259
1421127507260
1421127507261
1421127507262
1421127507263
1421127507264
1421127507265
1421127507266
1421127507267
1421127507268
1421127507269
1421127507270
1421127507271
1421127507272
1421127507273
1421127507274
1421127507275
1421127507276
1421127507277
1421127507278
1421127507279
1421127507280
1421127507281
1421127507282
1421127507283
1421127507284
1421127507285
1421127507286
1421127507287
1421127507288
1421127507289
1421127507290
1421127507291
1421127507292
1421127507211
1421127507215
1421127507218
1421127507221
1421127507222
1421127507224
1421127507225
1421127507226
1421127507227
1421127507228
1421127507229
1421127507230
1421127507231
1421127507232
1421127507233
1421127507234
1421127507235
1421127507236
1421127507237
1421127507238
1421127507239
1421127507240
1421127507241
1421127507242
1421127507243
1421127507244
1421127507245
1421127507246
1421127507247
1421127507248
1421127507249
1421127507250
1421127507251
1421127507252
1421127507253
1421127507254
1421127507255
1421127507256
1421127507257
1421127507258
1421127507259
1421127507260
1421127507261
1421127507262
1421127507263
1421127507264
1421127507265
1421127507266
1421127507267
1421127507268
1421127507269
1421127507270
1421127507271
1421127507272
1421127507273
1421127507274
1421127507275
1421127507276
1421127507277
1421127507278
1421127507279
1421127507280
1421127507281
1421127507282
1421127507283
1421127507284
1421127507285
1421127507286
1421127507287
1421127507288
1421127507289
1421127507290
1421127507291
1421127507292
1421127507293
1421127507294
1421127507295
1421127507296
1421127507297
1421127507298
1421127507299
1421127507300
1421127507301
1421127507302
1421127507303
1421127507304
1421127507305
1421127507306
1421127507307
1421127507308
1421127507309
1421127507310
1421127507311
1421127507312
1421127507313
1421127507314
1421127507315
1421127507316
1421127507317
1421127507318
1421127507319
1421127507211
1421127507215
1421127507217
1421127507218
1421127507219
1421127507220
1421127507221
1421127507222
1421127507223
1421127507224
1421127507225
1421127507226
1421127507227
1421127507228
1421127507229
1421127507230
1421127507231
1421127507232
1421127507233
1421127507234
1421127507235
1421127507236
1421127507237
1421127507238
1421127507239
1421127507240
1421127507241
1421127507242
1421127507243
1421127507244
1421127507245
1421127507246
1421127507247
1421127507248
1421127507249
1421127507250
1421127507251
1421127507252
1421127507253
1421127507254
1421127507255
1421127507256
1421127507257
1421127507258
1421127507259
1421127507260
1421127507261
1421127507262
1421127507263
1421127507264
1421127507265
1421127507266
1421127507267
1421127507268
1421127507269
1421127507270
1421127507271
1421127507272
1421127507273
1421127507274
1421127507275
1421127507276
1421127507277
1421127507278
1421127507279
1421127507280
1421127507281
1421127507282
1421127507283
1421127507284
1421127507285
1421127507286
1421127507287
1421127507288
1421127507289
1421127507290
1421127507291
1421127507292
1421127507293
1421127507294
1421127507295
1421127507296
1421127507297
1421127507298
1421127507299
1421127507300
1421127507301
1421127507302
1421127507303
1421127507304
1421127507305
1421127507306
1421127507307
1421127507308
1421127507309
1421127507310
1421127507311
1421127507312
1421127507314
1421127507317
1421127507320
1421127507292
1421127507293
1421127507294
1421127507295
1421127507296
1421127507297
1421127507298
1421127507299
1421127507300
1421127507301
1421127507302
1421127507303
1421127507304
1421127507305
1421127507306
1421127507307
1421127507308
1421127507309
1421127507310
1421127507311
1421127507312
1421127507313
1421127507314
1421127507315
1421127507316
1421127507317
1421127507318
1421127507319
1421127507320
1421127507321
1421127507322
1421127507323
1421127507324
1421127507325
1421127507326
1421127507327
1421127507328
1421127507329
1421127507330
1421127507331
1421127507332
1421127507333
1421127507334
1421127507335
1421127507336
1421127507337
1421127507338
1421127507339
1421127507340
1421127507341
1421127507342
1421127507343
1421127507344
1421127507345
1421127507346
1421127507347
1421127507348
1421127507349
1421127507350
1421127507351
1421127507352
1421127507353
1421127507354
1421127507355
1421127507356
1421127507357
1421127507358
1421127507359
1421127507360
1421127507361
1421127507362
1421127507363
1421127507364
1421127507365
1421127507366
1421127507367
1421127507368
1421127507369
1421127507370
1421127507371
1421127507372
1421127507373
1421127507374
1421127507375
1421127507376
1421127507377
1421127507378
1421127507379
1421127507380
1421127507381
1421127507382
1421127507383
1421127507384
1421127507385
1421127507386
1421127507387
1421127507388
1421127507389
1421127507390
1421127507391
1421127507394
1421127507312
1421127507313
1421127507315
1421127507316
1421127507318
1421127507319
1421127507320
1421127507321
1421127507322
1421127507323
1421127507324
1421127507325
1421127507326
1421127507327
1421127507328
1421127507329
1421127507330
1421127507331
1421127507332
1421127507333
1421127507334
1421127507335
1421127507336
1421127507337
1421127507338
1421127507339
1421127507340
1421127507341
1421127507342
1421127507343
1421127507344
1421127507345
1421127507346
1421127507347
1421127507348
1421127507349
1421127507350
1421127507351
1421127507352
1421127507353
1421127507354
1421127507355
1421127507356
1421127507357
1421127507358
1421127507359
1421127507360
1421127507361
1421127507362
1421127507363
1421127507364
1421127507365
1421127507366
1421127507367
1421127507368
1421127507369
1421127507370
1421127507371
1421127507372
1421127507373
1421127507374
1421127507375
1421127507376
1421127507377
1421127507378
1421127507379
1421127507380
1421127507381
1421127507382
1421127507383
1421127507384
1421127507385
1421127507386
1421127507387
1421127507388
1421127507389
1421127507390
1421127507391
1421127507392
1421127507393
1421127507394
1421127507395
1421127507396
1421127507397
1421127507398
1421127507399
1421127507400
1421127507401
1421127507402
1421127507403
1421127507404
1421127507405
1421127507406
1421127507408
1421127507409
1421127507410
1421127507411
1421127507412
1421127507413
1421127507414
1421127507415
1421127507319
1421127507320
1421127507321
1421127507322
1421127507323
1421127507324
1421127507325
1421127507326
1421127507327
1421127507328
1421127507329
1421127507330
1421127507331
1421127507332
1421127507333
1421127507334
1421127507335
1421127507336
1421127507337
1421127507338
1421127507339
1421127507340
1421127507341
1421127507342
1421127507343
1421127507344
1421127507345
1421127507346
1421127507347
1421127507348
1421127507349
1421127507350
1421127507351
1421127507352
1421127507353
1421127507354
1421127507355
1421127507356
1421127507357
1421127507358
1421127507359
1421127507360
1421127507361
1421127507362
1421127507363
1421127507364
1421127507365
1421127507366
1421127507367
1421127507368
1421127507369
1421127507370
1421127507371
1421127507372
1421127507373
1421127507374
1421127507375
1421127507376
1421127507377
1421127507378
1421127507379
1421127507380
1421127507381
1421127507382
1421127507383
1421127507384
1421127507385
1421127507386
1421127507387
1421127507388
1421127507389
1421127507390
1421127507391
1421127507392
1421127507393
1421127507394
1421127507395
1421127507396
1421127507397
1421127507398
1421127507399
1421127507400
1421127507401
1421127507402
1421127507403
1421127507404
1421127507405
1421127507406
1421127507407
1421127507408
1421127507409
1421127507410
1421127507411
1421127507412
1421127507413
1421127507414
1421127507416
1421127507417
1421127507421
1421127507425
1421127507428
1421127507391
1421127507392
1421127507393
1421127507395
1421127507396
1421127507397
1421127507398
1421127507399
1421127507400
1421127507401
1421127507402
1421127507403
1421127507404
1421127507405
1421127507406
1421127507407
1421127507408
1421127507409
1421127507410
1421127507411
1421127507412
1421127507413
1421127507414
1421127507415
1421127507416
1421127507417
1421127507418
1421127507419
1421127507420
1421127507421
1421127507422
1421127507423
1421127507424
1421127507425
1421127507426
1421127507427
1421127507428
1421127507429
1421127507430
1421127507431
1421127507432
1421127507433
1421127507434
1421127507435
1421127507436
1421127507437
1421127507438
1421127507439
1421127507440
1421127507441
1421127507442
1421127507443
1421127507444
1421127507445
1421127507446
1421127507447
1421127507448
1421127507449
1421127507450
1421127507451
1421127507452
1421127507453
1421127507454
1421127507455
1421127507456
1421127507457
1421127507458
1421127507459
1421127507460
1421127507461
1421127507462
1421127507463
1421127507464
1421127507465
1421127507466
1421127507467
1421127507468
1421127507469
1421127507470
1421127507471
1421127507472
1421127507473
1421127507474
1421127507475
1421127507476
1421127507477
1421127507478
1421127507479
1421127507480
1421127507481
1421127507482
1421127507483
1421127507484
1421127507485
1421127507486
1421127507487
1421127507488
1421127507489
1421127507490
1421127507491
1421127507495
1421127507407
1421127507415
1421127507416
1421127507417
1421127507418
1421127507419
1421127507420
1421127507421
1421127507422
1421127507423
1421127507424
1421127507425
1421127507426
1421127507427
1421127507428
1421127507429
1421127507430
1421127507431
1421127507432
1421127507433
1421127507434
1421127507435
1421127507436
1421127507437
1421127507438
1421127507439
1421127507440
1421127507441
1421127507442
1421127507443
1421127507444
1421127507445
1421127507446
1421127507447
1421127507448
1421127507449
1421127507450
1421127507451
1421127507452
1421127507453
1421127507454
1421127507455
1421127507456
1421127507457
1421127507458
1421127507459
1421127507460
1421127507461
1421127507462
1421127507463
1421127507464
1421127507465
1421127507466
1421127507467
1421127507468
1421127507469
1421127507470
1421127507471
1421127507472
1421127507473
1421127507474
1421127507475
1421127507476
1421127507477
1421127507478
1421127507479
1421127507480
1421127507481
1421127507482
1421127507483
1421127507484
1421127507485
1421127507486
1421127507487
1421127507488
1421127507489
1421127507490
1421127507491
1421127507492
1421127507493
1421127507494
1421127507495
1421127507496
1421127507497
1421127507498
1421127507499
1421127507500
1421127507501
1421127507502
1421127507503
1421127507504
1421127507505
1421127507506
1421127507507
1421127507508
1421127507509
1421127507512
1421127507513
1421127507514
1421127507515
1421127507518
1421127507415
1421127507418
1421127507419
1421127507420
1421127507422
1421127507423
1421127507424
1421127507426
1421127507427
1421127507428
1421127507429
1421127507430
1421127507431
1421127507432
1421127507433
1421127507434
1421127507435
1421127507436
1421127507437
1421127507438
1421127507439
1421127507440
1421127507441
1421127507442
1421127507443
1421127507444
1421127507445
1421127507446
1421127507447
1421127507448
1421127507449
1421127507450
1421127507451
1421127507452
1421127507453
1421127507454
1421127507455
1421127507456
1421127507457
1421127507458
1421127507459
1421127507460
1421127507461
1421127507462
1421127507463
1421127507464
1421127507465
1421127507466
1421127507467
1421127507468
1421127507469
1421127507470
1421127507471
1421127507472
1421127507473
1421127507474
1421127507475
1421127507476
1421127507477
1421127507478
1421127507479
1421127507480
1421127507481
1421127507482
1421127507483
1421127507484
1421127507485
1421127507486
1421127507487
1421127507488
1421127507489
1421127507490
1421127507491
1421127507492
1421127507493
1421127507494
1421127507495
1421127507496
1421127507497
1421127507498
1421127507499
1421127507500
1421127507501
1421127507502
1421127507503
1421127507504
1421127507505
1421127507506
1421127507507
1421127507508
1421127507509
1421127507510
1421127507512
1421127507513
1421127507514
1421127507515
1421127507518
1421127507519
1421127507520
1421127507522
1421127507523
1421127507491
1421127507492
1421127507493
1421127507494
1421127507495
1421127507496
1421127507497
1421127507498
1421127507499
1421127507500
1421127507501
1421127507502
1421127507503
1421127507504
1421127507505
1421127507506
1421127507507
1421127507508
1421127507509
1421127507510
1421127507511
1421127507512
1421127507513
1421127507514
1421127507515
1421127507516
1421127507517
1421127507518
1421127507519
1421127507520
1421127507521
1421127507522
1421127507523
1421127507524
1421127507525
1421127507526
1421127507527
1421127507528
1421127507529
1421127507530
1421127507531
1421127507532
1421127507533
1421127507534
1421127507535
1421127507536
1421127507537
1421127507538
1421127507539
1421127507540
1421127507541
1421127507542
1421127507543
1421127507544
1421127507545
1421127507546
1421127507547
1421127507548
1421127507549
1421127507550
1421127507551
1421127507552
1421127507553
1421127507554
1421127507555
1421127507556
1421127507557
1421127507558
1421127507559
1421127507560
1421127507561
1421127507562
1421127507563
1421127507564
1421127507565
1421127507566
1421127507567
1421127507568
1421127507569
1421127507570
1421127507571
1421127507572
1421127507573
1421127507574
1421127507575
1421127507576
1421127507577
1421127507578
1421127507579
1421127507580
1421127507581
1421127507582
1421127507583
1421127507584
1421127507585
1421127507586
1421127507587
1421127507588
1421127507589
1421127507590
1421127507593
1421127507510
1421127507511
1421127507516
1421127507517
1421127507521
1421127507523
1421127507524
1421127507525
1421127507526
1421127507527
1421127507528
1421127507529
1421127507530
1421127507531
1421127507532
1421127507533
1421127507534
1421127507535
1421127507536
1421127507537
1421127507538
1421127507539
1421127507540
1421127507541
1421127507542
1421127507543
1421127507544
1421127507545
1421127507546
1421127507547
1421127507548
1421127507549
1421127507550
1421127507551
1421127507552
1421127507553
1421127507554
1421127507555
1421127507556
1421127507557
1421127507558
1421127507559
1421127507560
1421127507561
1421127507562
1421127507563
1421127507564
1421127507565
1421127507566
1421127507567
1421127507568
1421127507569
1421127507570
1421127507571
1421127507572
1421127507573
1421127507574
1421127507575
1421127507576
1421127507577
1421127507578
1421127507579
1421127507580
1421127507581
1421127507582
1421127507583
1421127507584
1421127507585
1421127507586
1421127507587
1421127507588
1421127507589
1421127507590
1421127507591
1421127507592
1421127507593
1421127507594
1421127507595
1421127507596
1421127507597
1421127507598
1421127507599
1421127507600
1421127507601
1421127507602
1421127507603
1421127507604
1421127507605
1421127507606
1421127507607
1421127507608
1421127507609
1421127507610
1421127507611
1421127507612
1421127507613
1421127507614
1421127507615
1421127507616
1421127507618
1421127507619
1421127507509
1421127507510
1421127507511
1421127507516
1421127507517
1421127507518
1421127507519
1421127507520
1421127507521
1421127507522
1421127507523
1421127507524
1421127507525
1421127507526
1421127507527
1421127507528
1421127507529
1421127507530
1421127507531
1421127507532
1421127507533
1421127507534
1421127507535
1421127507536
1421127507537
1421127507538
1421127507539
1421127507540
1421127507541
1421127507542
1421127507543
1421127507544
1421127507545
1421127507546
1421127507547
1421127507548
1421127507549
1421127507550
1421127507551
1421127507552
1421127507553
1421127507554
1421127507555
1421127507556
1421127507557
1421127507558
1421127507559
1421127507560
1421127507561
1421127507562
1421127507563
1421127507564
1421127507565
1421127507566
1421127507567
1421127507568
1421127507569
1421127507570
1421127507571
1421127507572
1421127507573
1421127507574
1421127507575
1421127507576
1421127507577
1421127507578
1421127507579
1421127507580
1421127507581
1421127507582
1421127507583
1421127507584
1421127507585
1421127507586
1421127507587
1421127507588
1421127507589
1421127507590
1421127507591
1421127507592
1421127507593
1421127507594
1421127507595
1421127507596
1421127507597
1421127507598
1421127507599
1421127507600
1421127507601
1421127507602
1421127507603
1421127507604
1421127507605
1421127507606
1421127507607
1421127507608
1421127507609
1421127507610
1421127507611
1421127507612
1421127507616
1421127507590
1421127507591
1421127507592
1421127507594
1421127507595
1421127507596
1421127507597
1421127507598
1421127507599
1421127507600
1421127507601
1421127507602
1421127507603
1421127507604
1421127507605
1421127507606
1421127507607
1421127507608
1421127507609
1421127507610
1421127507611
1421127507612
1421127507613
1421127507614
1421127507615
1421127507616
1421127507617
1421127507618
1421127507619
1421127507620
1421127507621
1421127507622
1421127507623
1421127507624
1421127507625
1421127507626
1421127507627
1421127507628
1421127507629
1421127507630
1421127507631
1421127507632
1421127507633
1421127507634
1421127507635
1421127507636
1421127507637
1421127507638
1421127507639
1421127507640
1421127507641
1421127507642
1421127507643
1421127507644
1421127507645
1421127507646
1421127507647
1421127507648
1421127507649
1421127507650
1421127507651
1421127507652
1421127507653
1421127507654
1421127507655
1421127507656
1421127507657
1421127507658
1421127507659
1421127507660
1421127507661
1421127507662
1421127507663
1421127507664
1421127507665
1421127507666
1421127507667
1421127507668
1421127507669
1421127507670
1421127507671
1421127507672
1421127507673
1421127507674
1421127507675
1421127507676
1421127507677
1421127507678
1421127507679
1421127507680
1421127507681
1421127507682
1421127507683
1421127507684
1421127507685
1421127507686
1421127507687
1421127507688
1421127507689
1421127507690
1421127507691
1421127507612
1421127507613
1421127507614
1421127507615
1421127507617
1421127507618
1421127507619
1421127507620
1421127507621
1421127507622
1421127507623
1421127507624
1421127507625
1421127507626
1421127507627
1421127507628
1421127507629
1421127507630
1421127507631
1421127507632
1421127507633
1421127507634
1421127507635
1421127507636
1421127507637
1421127507638
1421127507639
1421127507640
1421127507641
1421127507642
1421127507643
1421127507644
1421127507645
1421127507646
1421127507647
1421127507648
1421127507649
1421127507650
1421127507651
1421127507652
1421127507653
1421127507654
1421127507655
1421127507656
1421127507657
1421127507658
1421127507659
1421127507660
1421127507661
1421127507662
1421127507663
1421127507664
1421127507665
1421127507666
1421127507667
1421127507668
1421127507669
1421127507670
1421127507671
1421127507672
1421127507673
1421127507674
1421127507675
1421127507676
1421127507677
1421127507678
1421127507679
1421127507680
1421127507681
1421127507682
1421127507683
1421127507684
1421127507685
1421127507686
1421127507687
1421127507688
1421127507689
1421127507690
1421127507691
1421127507692
1421127507693
1421127507694
1421127507695
1421127507696
1421127507697
1421127507698
1421127507699
1421127507700
1421127507701
1421127507702
1421127507703
1421127507704
1421127507705
1421127507706
1421127507707
1421127507708
1421127507711
1421127507712
1421127507713
1421127507714
1421127507715
1421127507617
1421127507619
1421127507620
1421127507621
1421127507622
1421127507623
1421127507624
1421127507625
1421127507626
1421127507627
1421127507628
1421127507629
1421127507630
1421127507631
1421127507632
1421127507633
1421127507634
1421127507635
1421127507636
1421127507637
1421127507638
1421127507639
1421127507640
1421127507641
1421127507642
1421127507643
1421127507644
1421127507645
1421127507646
1421127507647
1421127507648
1421127507649
1421127507650
1421127507651
1421127507652
1421127507653
1421127507654
1421127507655
1421127507656
1421127507657
1421127507658
1421127507659
1421127507660
1421127507661
1421127507662
1421127507663
1421127507664
1421127507665
1421127507666
1421127507667
1421127507668
1421127507669
1421127507670
1421127507671
1421127507672
1421127507673
1421127507674
1421127507675
1421127507676
1421127507677
1421127507678
1421127507679
1421127507680
1421127507681
1421127507682
1421127507683
1421127507684
1421127507685
1421127507686
1421127507687
1421127507688
1421127507689
1421127507690
1421127507691
1421127507692
1421127507693
1421127507694
1421127507695
1421127507696
1421127507697
1421127507698
1421127507699
1421127507700
1421127507701
1421127507702
1421127507703
1421127507704
1421127507705
1421127507706
1421127507707
1421127507708
1421127507709
1421127507710
1421127507711
1421127507712
1421127507713
1421127507714
1421127507717
1421127507718
1421127507723
1421127507725
1421127507692
1421127507693
1421127507694
1421127507695
1421127507696
1421127507697
1421127507698
1421127507699
1421127507700
1421127507701
1421127507702
1421127507703
1421127507704
1421127507705
1421127507706
1421127507707
1421127507708
1421127507709
1421127507710
1421127507711
1421127507712
1421127507713
1421127507714
1421127507715
1421127507716
1421127507717
1421127507718
1421127507719
1421127507720
1421127507721
1421127507722
1421127507723
1421127507724
1421127507725
1421127507726
1421127507727
1421127507728
1421127507729
1421127507730
1421127507731
1421127507732
1421127507733
1421127507734
1421127507735
1421127507736
1421127507737
1421127507738
1421127507739
1421127507740
1421127507741
1421127507742
1421127507743
1421127507744
1421127507745
1421127507746
1421127507747
1421127507748
1421127507749
1421127507750
1421127507751
1421127507752
1421127507753
1421127507754
1421127507755
1421127507756
1421127507757
1421127507758
1421127507759
1421127507760
1421127507761
1421127507762
1421127507763
1421127507764
1421127507765
1421127507766
1421127507767
1421127507768
1421127507769
1421127507770
1421127507771
1421127507772
1421127507773
1421127507774
1421127507775
1421127507776
1421127507777
1421127507778
1421127507779
1421127507780
1421127507781
1421127507782
1421127507783
1421127507784
1421127507785
1421127507786
1421127507787
1421127507788
1421127507789
1421127507790
1421127507791
1421127507792
1421127507709
1421127507710
1421127507715
1421127507716
1421127507717
1421127507718
1421127507719
1421127507720
1421127507721
1421127507722
1421127507723
1421127507724
1421127507725
1421127507726
1421127507727
1421127507728
1421127507729
1421127507730
1421127507731
1421127507732
1421127507733
1421127507734
1421127507735
1421127507736
1421127507737
1421127507738
1421127507739
1421127507740
1421127507741
1421127507742
1421127507743
1421127507744
1421127507745
1421127507746
1421127507747
1421127507748
1421127507749
1421127507750
1421127507751
1421127507752
1421127507753
1421127507754
1421127507755
1421127507756
1421127507757
1421127507758
1421127507759
1421127507760
1421127507761
1421127507762
1421127507763
1421127507764
1421127507765
1421127507766
1421127507767
1421127507768
1421127507769
1421127507770
1421127507771
1421127507772
1421127507773
1421127507774
1421127507775
1421127507776
1421127507777
1421127507778
1421127507779
1421127507780
1421127507781
1421127507782
1421127507783
1421127507784
1421127507785
1421127507786
1421127507787
1421127507788
1421127507789
1421127507790
1421127507791
1421127507792
1421127507793
1421127507794
1421127507795
1421127507796
1421127507797
1421127507798
1421127507799
1421127507800
1421127507801
1421127507802
1421127507803
1421127507804
1421127507805
1421127507806
1421127507807
1421127507808
1421127507809
1421127507810
1421127507814
1421127507815
1421127507818
1421127507714
1421127507715
1421127507716
1421127507719
1421127507720
1421127507721
1421127507722
1421127507724
1421127507726
1421127507727
1421127507728
1421127507729
1421127507730
1421127507731
1421127507732
1421127507733
1421127507734
1421127507735
1421127507736
1421127507737
1421127507738
1421127507739
1421127507740
1421127507741
1421127507742
1421127507743
1421127507744
1421127507745
1421127507746
1421127507747
1421127507748
1421127507749
1421127507750
1421127507751
1421127507752
1421127507753
1421127507754
1421127507755
1421127507756
1421127507757
1421127507758
1421127507759
1421127507760
1421127507761
1421127507762
1421127507763
1421127507764
1421127507765
1421127507766
1421127507767
1421127507768
1421127507769
1421127507770
1421127507771
1421127507772
1421127507773
1421127507774
1421127507775
1421127507776
1421127507777
1421127507778
1421127507779
1421127507780
1421127507781
1421127507782
1421127507783
1421127507784
1421127507785
1421127507786
1421127507787
1421127507788
1421127507789
1421127507790
1421127507791
1421127507792
1421127507793
1421127507794
1421127507795
1421127507796
1421127507797
1421127507798
1421127507799
1421127507800
1421127507801
1421127507802
1421127507803
1421127507804
1421127507805
1421127507806
1421127507807
1421127507808
1421127507809
1421127507810
1421127507812
1421127507814
1421127507815
1421127507816
1421127507818
1421127507819
1421127507820
1421127507821
1421127507793
1421127507794
1421127507795
1421127507796
1421127507797
1421127507798
1421127507799
1421127507800
1421127507801
1421127507802
1421127507803
1421127507804
1421127507805
1421127507806
1421127507807
1421127507808
1421127507809
1421127507810
1421127507811
1421127507812
1421127507813
1421127507814
1421127507815
1421127507816
1421127507817
1421127507818
1421127507819
1421127507820
1421127507821
1421127507822
1421127507823
1421127507824
1421127507825
1421127507826
1421127507827
1421127507828
1421127507829
1421127507830
1421127507831
1421127507832
1421127507833
1421127507834
1421127507835
1421127507836
1421127507837
1421127507838
1421127507839
1421127507840
1421127507841
1421127507842
1421127507843
1421127507844
1421127507845
1421127507846
1421127507847
1421127507848
1421127507849
1421127507850
1421127507851
1421127507852
1421127507853
1421127507854
1421127507855
1421127507856
1421127507857
1421127507858
1421127507859
1421127507860
1421127507861
1421127507862
1421127507863
1421127507864
1421127507865
1421127507866
1421127507867
1421127507868
1421127507869
1421127507870
1421127507871
1421127507872
1421127507873
1421127507874
1421127507875
1421127507876
1421127507877
1421127507878
1421127507879
1421127507880
1421127507881
1421127507882
1421127507883
1421127507884
1421127507885
1421127507886
1421127507887
1421127507888
1421127507889
1421127507890
1421127507891
1421127507892
1421127507896
1421127507810
1421127507811
1421127507812
1421127507813
1421127507816
1421127507817
1421127507818
1421127507819
1421127507820
1421127507821
1421127507822
1421127507823
1421127507824
1421127507825
1421127507826
1421127507827
1421127507828
1421127507829
1421127507830
1421127507831
1421127507832
1421127507833
1421127507834
1421127507835
1421127507836
1421127507837
1421127507838
1421127507839
1421127507840
1421127507841
1421127507842
1421127507843
1421127507844
1421127507845
1421127507846
1421127507847
1421127507848
1421127507849
1421127507850
1421127507851
1421127507852
1421127507853
1421127507854
1421127507855
1421127507856
1421127507857
1421127507858
1421127507859
1421127507860
1421127507861
1421127507862
1421127507863
1421127507864
1421127507865
1421127507866
1421127507867
1421127507868
1421127507869
1421127507870
1421127507871
1421127507872
1421127507873
1421127507874
1421127507875
1421127507876
1421127507877
1421127507878
1421127507879
1421127507880
1421127507881
1421127507882
1421127507883
1421127507884
1421127507885
1421127507886
1421127507887
1421127507888
1421127507889
1421127507890
1421127507891
1421127507892
1421127507893
1421127507894
1421127507895
1421127507896
1421127507897
1421127507898
1421127507899
1421127507900
1421127507901
1421127507902
1421127507903
1421127507904
1421127507905
1421127507906
1421127507907
1421127507908
1421127507909
1421127507910
1421127507911
1421127507912
1421127510460
1421127510469
1421127510470
1421127510475
1421127510514
1421127510616
1421127510660
1421127510674
1421127510688
1421127510702
1421127510452
1421127510466
1421127510456
1421127510453
1421127510465
1421127510452
1421127510464
1421127510491
1421127510504
1421127510518
1421127510546
1421127510573
1421127510586
1421127510600
1421127510653
1421127510662
1421127510679
1421127510696
1421127510713
1421127510730
1421127510451
1421127510483
1421127510551
1421127510573
1421127510586
1421127510599
1421127510639
1421127510653
1421127510667
1421127510724
1421127510738
1421127510751
1421127510468
1421127510469
1421127510458
1421127510491
1421127510567
1421127510605
1421127510653
1421127510695
1421127510522
1421127510551
1421127510568
1421127510584
1421127510601
1421127510617
1421127510634
1421127510650
1421127510668
1421127510685
1421127510701
1421127510719
1421127510736
1421127510467
1421127510452
1421127510453
1421127510523
1421127510549
1421127510574
1421127510620
1421127510662
1421127510720
1421127510734
1421127510470
1421127510493
1421127510456
1421127510494
1421127510512
1421127510475
1421127510462
1421127510469
1421127510465
1421127510464
1421127510479
1421127510509
1421127520268
