1421125523936
1421125523937
1421125524758
1421125524762
1421125524766
1421125524767
1421125524768
1421125524769
1421125524770
1421125524771
1421125524772
1421125524773
1421125524774
1421125524775
1421125524776
1421125524777
1421125524778
1421125524779
1421125524780
1421125524781
1421125524782
1421125524783
1421125524784
1421125524785
1421125524786
1421125524787
1421125524788
1421125524789
1421125524790
1421125524791
1421125524792
1421125524793
1421125524794
1421125524795
1421125524796
1421125524797
1421125524798
1421125524799
1421125524800
1421125524801
1421125524802
1421125524803
1421125524804
1421125524805
1421125524806
1421125524807
1421125524808
1421125524809
1421125524810
1421125524811
1421125524812
1421125524813
1421125524814
1421125524815
1421125524816
1421125524817
1421125523935
1421125523937
1421125523944
1421125523938
1421125523939
1421125523937
1421125523939
1421125523935
1421125524746
1421125524747
1421125524751
1421125524752
1421125524753
1421125524755
1421125524757
1421125524758
1421125524762
1421125524763
1421125524764
1421125524765
1421125524766
1421125524767
1421125524768
1421125524769
1421125524770
1421125524771
1421125524772
