1421127709350
1421127709358
1421127709369
1421127709372
1421127709373
1421127709375
1421127709376
1421127709378
1421127709379
1421127709380
1421127709382
1421127709383
1421127709385
1421127709386
1421127709388
1421127709389
1421127709390
1421127709392
1421127709393
1421127709394
1421127709395
1421127709397
1421127709398
1421127709399
1421127709401
1421127709402
1421127709404
1421127709405
1421127709407
1421127709408
1421127709410
1421127709411
1421127709413
1421127709414
1421127709416
1421127709417
1421127709419
1421127709420
1421127709422
1421127709423
1421127709425
1421127709426
1421127709428
1421127709429
1421127709431
1421127709432
1421127709434
1421127709435
1421127709437
1421127709438
1421127709440
1421127709441
1421127709443
1421127709444
1421127709446
1421127709447
1421127709448
1421127709449
1421127709451
1421127709452
1421127709454
1421127709455
1421127709457
1421127709458
1421127709460
1421127709461
1421127709462
1421127709464
1421127709465
1421127709467
1421127709468
1421127709470
1421127709471
1421127709473
1421127709474
1421127709475
1421127709476
1421127709478
1421127709479
1421127709481
1421127709482
1421127709484
1421127709485
1421127709487
1421127709488
1421127709490
1421127709491
1421127709493
1421127709494
1421127709496
1421127709497
1421127709499
1421127709500
1421127709502
1421127709505
1421127709508
1421127709514
1421127709517
1421127709520
1421127709524
1421127709529
1421127709502
1421127709503
1421127709506
1421127709509
1421127709511
1421127709512
1421127709515
1421127709518
1421127709521
1421127709523
1421127709526
1421127709527
1421127709529
1421127709531
1421127709532
1421127709534
1421127709535
1421127709537
1421127709538
1421127709540
1421127709541
1421127709543
1421127709544
1421127709546
1421127709547
1421127709548
1421127709550
1421127709551
1421127709553
1421127709554
1421127709557
1421127709558
1421127709560
1421127709562
1421127709563
1421127709565
1421127709566
1421127709568
1421127709569
1421127709571
1421127709573
1421127709574
1421127709576
1421127709577
1421127709579
1421127709580
1421127709582
1421127709584
1421127709585
1421127709586
1421127709588
1421127709589
1421127709590
1421127709592
1421127709593
1421127709594
1421127709595
1421127709596
1421127709597
1421127709598
1421127709599
1421127709600
1421127709601
1421127709602
1421127709603
1421127709605
1421127709607
1421127709609
1421127709611
1421127709613
1421127709614
1421127709616
1421127709618
1421127709620
1421127709622
1421127709624
1421127709625
1421127709627
1421127709629
1421127709630
1421127709632
1421127709633
1421127709635
1421127709637
1421127709638
1421127709665
1421127709666
1421127709667
1421127709668
1421127709669
1421127709670
1421127709672
1421127709673
1421127709674
1421127709675
1421127709676
1421127709677
1421127709679
1421127709680
1421127709681
1421127709682
1421127709348
1421127709351
1421127709362
1421127709366
1421127709369
1421127709373
1421127709377
1421127709380
1421127709383
1421127709386
1421127709389
1421127709392
1421127709395
1421127709399
1421127709402
1421127709405
1421127709408
1421127709412
1421127709414
1421127709417
1421127709421
1421127709425
1421127709429
1421127709433
1421127709437
1421127709440
1421127709443
1421127709447
1421127709450
1421127709454
1421127709457
1421127709461
1421127709464
1421127709467
1421127709471
1421127709475
1421127709478
1421127709481
1421127709484
1421127709487
1421127709490
1421127709494
1421127709497
1421127709500
1421127709503
1421127709507
1421127709510
1421127709513
1421127709516
1421127709519
1421127709522
1421127709526
1421127709529
1421127709533
1421127709535
1421127709538
1421127709541
1421127709542
1421127709544
1421127709547
1421127709550
1421127709553
1421127709556
1421127709559
1421127709563
1421127709566
1421127709569
1421127709572
1421127709575
1421127709578
1421127709581
1421127709584
1421127709587
1421127709590
1421127709594
1421127709596
1421127709599
1421127709603
1421127709607
1421127709611
1421127709615
1421127709619
1421127709622
1421127709625
1421127709629
1421127709631
1421127709635
1421127709638
1421127709642
1421127709646
1421127709651
1421127709656
1421127709661
1421127709667
1421127709671
1421127709675
1421127709678
1421127709681
1421127709685
1421127709692
1421127709695
1421127709638
1421127709639
1421127709640
1421127709642
1421127709643
1421127709645
1421127709646
1421127709648
1421127709650
1421127709652
1421127709654
1421127709656
1421127709657
1421127709659
1421127709660
1421127709662
1421127709663
1421127709664
1421127709665
1421127709678
1421127709682
1421127709683
1421127709684
1421127709685
1421127709686
1421127709687
1421127709688
1421127709689
1421127709690
1421127709692
1421127709693
1421127709694
1421127709695
1421127709696
1421127709697
1421127709698
1421127709699
1421127709700
1421127709701
1421127709702
1421127709703
1421127709704
1421127709705
1421127709706
1421127709707
1421127709708
1421127709709
1421127709710
1421127709711
1421127709712
1421127709713
1421127709714
1421127709715
1421127709716
1421127709717
1421127709718
1421127709719
1421127709720
1421127709721
1421127709722
1421127709723
1421127709724
1421127709725
1421127709726
1421127709727
1421127709728
1421127709729
1421127709730
1421127709731
1421127709732
1421127709733
1421127709734
1421127709736
1421127709737
1421127709739
1421127709740
1421127709741
1421127709744
1421127709745
1421127709747
1421127709748
1421127709750
1421127709751
1421127709770
1421127709771
1421127709772
1421127709773
1421127709774
1421127709775
1421127709776
1421127709778
1421127709779
1421127709780
1421127709781
1421127709782
1421127709783
1421127709784
1421127709785
1421127709786
1421127709787
1421127709789
1421127709351
1421127709353
1421127709366
1421127709369
1421127709371
1421127709378
1421127709379
1421127709381
1421127709383
1421127709391
1421127709393
1421127709396
1421127709398
1421127709405
1421127709408
1421127709410
1421127709418
1421127709420
1421127709423
1421127709425
1421127709435
1421127709437
1421127709440
1421127709442
1421127709450
1421127709452
1421127709453
1421127709455
1421127709464
1421127709467
1421127709469
1421127709479
1421127709482
1421127709484
1421127709492
1421127709495
1421127709497
1421127709505
1421127709508
1421127709510
1421127709520
1421127709522
1421127709532
1421127709535
1421127709537
1421127709543
1421127709545
1421127709546
1421127709547
1421127709549
1421127709551
1421127709560
1421127709562
1421127709565
1421127709570
1421127709573
1421127709576
1421127709582
1421127709584
1421127709593
1421127709594
1421127709596
1421127709603
1421127709605
1421127709607
1421127709608
1421127709610
1421127709615
1421127709617
1421127709619
1421127709620
1421127709623
1421127709631
1421127709633
1421127709636
1421127709643
1421127709646
1421127709648
1421127709656
1421127709658
1421127709660
1421127709672
1421127709677
1421127709684
1421127709699
1421127709700
1421127709711
1421127709715
1421127709725
1421127709728
1421127709730
1421127709739
1421127709743
1421127709751
1421127709753
1421127709755
1421127709757
1421127709764
1421127709766
1421127709768
1421127709770
1421127709352
1421127709381
1421127709385
1421127709392
1421127709396
1421127709406
1421127709410
1421127709419
1421127709422
1421127709425
1421127709435
1421127709437
1421127709439
1421127709441
1421127709443
1421127709448
1421127709450
1421127709452
1421127709455
1421127709463
1421127709466
1421127709469
1421127709479
1421127709482
1421127709485
1421127709494
1421127709497
1421127709506
1421127709510
1421127709520
1421127709523
1421127709533
1421127709536
1421127709545
1421127709546
1421127709549
1421127709550
1421127709558
1421127709560
1421127709562
1421127709565
1421127709570
1421127709572
1421127709574
1421127709582
1421127709585
1421127709593
1421127709595
1421127709597
1421127709605
1421127709607
1421127709610
1421127709618
1421127709621
1421127709623
1421127709632
1421127709635
1421127709644
1421127709647
1421127709656
1421127709658
1421127709661
1421127709670
1421127709673
1421127709676
1421127709686
1421127709688
1421127709699
1421127709715
1421127709718
1421127709727
1421127709730
1421127709739
1421127709742
1421127709745
1421127709753
1421127709756
1421127709759
1421127709768
1421127709770
1421127709782
1421127709785
1421127709788
1421127709791
1421127709798
1421127709800
1421127709809
1421127709812
1421127709824
1421127709827
1421127709840
1421127709841
1421127709843
1421127709845
1421127709856
1421127709860
1421127709862
1421127709864
1421127709872
1421127709874
1421127709876
1421127710061
1421127710063
1421127710065
1421127710066
1421127710068
1421127710077
1421127710078
1421127710080
1421127710082
1421127710083
1421127710085
1421127710136
1421127710138
1421127710139
1421127710141
1421127710143
1421127710150
1421127710151
1421127710153
1421127710154
1421127710156
1421127710158
1421127710168
1421127710169
1421127710171
1421127710172
1421127710182
1421127710184
1421127710186
1421127710308
1421127710311
1421127710313
1421127710324
1421127710325
1421127710327
1421127710329
1421127710330
1421127710332
1421127710334
1421127710335
1421127710349
1421127710351
1421127710353
1421127710358
1421127710360
1421127710361
1421127710363
1421127710365
1421127710373
1421127710374
1421127710376
1421127710378
1421127710381
1421127710382
1421127710393
1421127710395
1421127710396
1421127710407
1421127710433
1421127710455
1421127710460
1421127710480
1421127710490
1421127710492
1421127710495
1421127710497
1421127710507
1421127710509
1421127710512
1421127710522
1421127710524
1421127710527
1421127710590
1421127710591
1421127710599
1421127710600
1421127710602
1421127710603
1421127710604
1421127710606
1421127710607
1421127710614
1421127710615
1421127710616
1421127710624
1421127710625
1421127710627
1421127710628
1421127710630
1421127710631
1421127710637
1421127710639
1421127710640
1421127710642
1421127710648
1421127710649
1421127710650
1421127710652
1421127710653
1421127710655
1421127710656
1421127710401
1421127710403
1421127710405
1421127710406
1421127710409
1421127710412
1421127710414
1421127710416
1421127710417
1421127710420
1421127710422
1421127710424
1421127710427
1421127710429
1421127710431
1421127710433
1421127710434
1421127710436
1421127710438
1421127710439
1421127710441
1421127710443
1421127710445
1421127710446
1421127710448
1421127710449
1421127710451
1421127710452
1421127710509
1421127710510
1421127710512
1421127710514
1421127710515
1421127710517
1421127710518
1421127710519
1421127710520
1421127710521
1421127710523
1421127710524
1421127710526
1421127710527
1421127710529
1421127710530
1421127710532
1421127710533
1421127710535
1421127710536
1421127710538
1421127710539
1421127710541
1421127710542
1421127710544
1421127710545
1421127710547
1421127710549
1421127710550
1421127710552
1421127710553
1421127710555
1421127710556
1421127710558
1421127710559
1421127710561
1421127710562
1421127710564
1421127710645
1421127710649
1421127710650
1421127710652
1421127710653
1421127710655
1421127710656
1421127710659
1421127710661
1421127710662
1421127710664
1421127710667
1421127710669
1421127710670
1421127710672
1421127710673
1421127710702
1421127710704
1421127710705
1421127710707
1421127710708
1421127710710
1421127710721
1421127710723
1421127710724
1421127710726
1421127710727
1421127710729
1421127710730
1421127710732
1421127710733
1421127710735
1421127710736
1421127710738
1421127710739
1421127709966
1421127709970
1421127709974
1421127709977
1421127709980
1421127710008
1421127710011
1421127710016
1421127710021
1421127710027
1421127710032
1421127710038
1421127710043
1421127710048
1421127710070
1421127710075
1421127710080
1421127710086
1421127710091
1421127710096
1421127710101
1421127710106
1421127710111
1421127710138
1421127710142
1421127710146
1421127710149
1421127710152
1421127710155
1421127710159
1421127710162
1421127710200
1421127710246
1421127710249
1421127710252
1421127710256
1421127710259
1421127710263
1421127710266
1421127710270
1421127710273
1421127710326
1421127710329
1421127710332
1421127710335
1421127710338
1421127710380
1421127710383
1421127710386
1421127710390
1421127710394
1421127710398
1421127710402
1421127710405
1421127710408
1421127710432
1421127710437
1421127710443
1421127710449
1421127710454
1421127710492
1421127710497
1421127710501
1421127710506
1421127710511
1421127710516
1421127710521
1421127710526
1421127710530
1421127710531
1421127710535
1421127710540
1421127710545
1421127710550
1421127710589
1421127710594
1421127710599
1421127710603
1421127710608
1421127710648
1421127710653
1421127710658
1421127710662
1421127710668
1421127710707
1421127710722
1421127710727
1421127710733
1421127710737
1421127710743
1421127710747
1421127710752
1421127710757
1421127710805
1421127710810
1421127710813
1421127710817
1421127710821
1421127710925
1421127710927
1421127710930
1421127710096
1421127710098
1421127710100
1421127710101
1421127710103
1421127710105
1421127710117
1421127710118
1421127710120
1421127710122
1421127710124
1421127710126
1421127710133
1421127710134
1421127710135
1421127710395
1421127710399
1421127710408
1421127710409
1421127710410
1421127710412
1421127710414
1421127710415
1421127710417
1421127710435
1421127710437
1421127710439
1421127710441
1421127710456
1421127710458
1421127710463
1421127710465
1421127710475
1421127710477
1421127710489
1421127710565
1421127710568
1421127710575
1421127710577
1421127710578
1421127710580
1421127710581
1421127710583
1421127710588
1421127710590
1421127710704
1421127710706
1421127710723
1421127710725
1421127710726
1421127710728
1421127710729
1421127710731
1421127710736
1421127710738
1421127710739
1421127710741
1421127710748
1421127710750
1421127710751
1421127710752
1421127710754
1421127710755
1421127710761
1421127710762
1421127710764
1421127710765
1421127710771
1421127710773
1421127710774
1421127710776
1421127710777
1421127710779
1421127710866
1421127710874
1421127710877
1421127710883
1421127710885
1421127710892
1421127710894
1421127710900
1421127710902
1421127710905
1421127710912
1421127710913
1421127710920
1421127710922
1421127710930
1421127710932
1421127710938
1421127710940
1421127710942
1421127710948
1421127710951
1421127710952
1421127710957
1421127710958
1421127710959
1421127710968
1421127710971
1421127710979
1421127710111
1421127710117
1421127710122
1421127710127
1421127710133
1421127710479
1421127710483
1421127710488
1421127710492
1421127710569
1421127710574
1421127710579
1421127710584
1421127710589
1421127710673
1421127710677
1421127710682
1421127710687
1421127710692
1421127710697
1421127710702
1421127710707
1421127710791
1421127710795
1421127710798
1421127710802
1421127710805
1421127710911
1421127710914
1421127710916
1421127710919
1421127710922
1421127710933
1421127710935
1421127710938
1421127710941
1421127710944
1421127710946
1421127710947
1421127710949
1421127710952
1421127710954
1421127710955
1421127710957
1421127710960
1421127710963
1421127710965
1421127710968
1421127710971
1421127710973
1421127710976
1421127710979
1421127710982
1421127710984
1421127710987
1421127710990
1421127710992
1421127710995
1421127710998
1421127711001
1421127711004
1421127711006
1421127711009
1421127711013
1421127711017
1421127711021
1421127711025
1421127711026
1421127711028
1421127711031
1421127711034
1421127711037
1421127711039
1421127711042
1421127711045
1421127711048
1421127711050
1421127711053
1421127711056
1421127711058
1421127711059
1421127711061
1421127711064
1421127711067
1421127711070
1421127711073
1421127711075
1421127711078
1421127711081
1421127711084
1421127711086
1421127711089
1421127711092
1421127711094
1421127711097
1421127711100
1421127711102
1421127711103
1421127711105
1421127711111
1421127711113
1421127710236
1421127710248
1421127710258
1421127710260
1421127710264
1421127710272
1421127710280
1421127710289
1421127710291
1421127710293
1421127710297
1421127710303
1421127710307
1421127710313
1421127710324
1421127710330
1421127710336
1421127710347
1421127710351
1421127710379
1421127710381
1421127710383
1421127710392
1421127710701
1421127710703
1421127710705
1421127710707
1421127710724
1421127710726
1421127710728
1421127710729
1421127710731
1421127710738
1421127710740
1421127710742
1421127710749
1421127710750
1421127710752
1421127710904
1421127710910
1421127710912
1421127710913
1421127710919
1421127710921
1421127710923
1421127710929
1421127710930
1421127710932
1421127710938
1421127710940
1421127710941
1421127710948
1421127710950
1421127710951
1421127710952
1421127710957
1421127710959
1421127710960
1421127710962
1421127710967
1421127710968
1421127710970
1421127710971
1421127710976
1421127710977
1421127710979
1421127710981
1421127710985
1421127710987
1421127710989
1421127710990
1421127710995
1421127710996
1421127710998
1421127711006
1421127711007
1421127711009
1421127711017
1421127711019
1421127711020
1421127711031
1421127711037
1421127711047
1421127711049
1421127711068
1421127711079
1421127711081
1421127711089
1421127711090
1421127711097
1421127711100
1421127711106
1421127711114
1421127711116
1421127711117
1421127711128
1421127711139
1421127711143
1421127711154
1421127711162
1421127711166
