1421125347886
1421125347893
1421125347915
1421125347921
1421125347930
1421125347936
1421125347948
1421125347960
1421125347976
1421125347979
1421125347990
1421125348014
1421125348026
1421125348030
1421125348043
1421125348058
1421125348073
1421125348086
1421125348097
1421125348098
1421125348105
1421125348161
1421125348175
1421125348185
1421125348200
1421125348209
1421125348217
1421125348225
1421125348236
1421125348242
1421125348251
1421125348261
1421125348271
1421125348279
1421125348286
1421125348293
1421125348300
1421125348308
1421125348317
1421125348326
1421125348333
1421125348351
1421125348359
1421125348367
1421125348383
1421125348394
1421125348402
1421125348410
1421125348427
1421125348443
1421125348452
1421125348460
1421125348466
1421125348473
1421125348480
1421125348493
1421125348500
1421125348507
1421125348520
1421125348540
1421125348546
1421125348556
1421125348563
1421125348569
1421125348575
1421125348582
1421125348589
1421125348590
1421125348598
1421125348604
1421125348624
1421125348629
1421125348641
1421125348642
1421125348657
1421125348664
1421125348677
1421125348688
1421125348705
1421125348709
1421125348712
1421125348718
1421125348732
1421125348737
1421125348745
1421125348751
1421125348758
1421125348766
1421125348772
1421125348778
1421125348785
1421125348804
1421125348811
1421125348825
1421125348831
1421125348845
1421125348854
1421125348861
1421125348870
1421125348877
1421125348884
