1421127637663
1421127637654
1421127637658
1421127637684
1421127637699
1421127637709
1421127637653
1421127637664
1421127637679
1421127637693
1421127637702
1421127637656
1421127637665
1421127637693
1421127637657
1421127636885
1421127636891
1421127637657
1421127637666
1421127637665
1421127636886
1421127636892
1421127637654
1421127637680
1421127637694
1421127637687
1421127637697
1421127637656
1421127637652
1421127637679
1421127637655
1421127637681
1421127637695
1421127636899
1421127636885
1421127636892
1421127637656
1421127637682
1421127637683
1421127637653
1421127637664
1421127636886
1421127636893
1421127637663
1421127636885
1421127636886
1421127636887
1421127636894
1421127637654
1421127637694
1421127636886
1421127636892
1421127637664
1421127636884
1421127636891
1421127636897
1421127637655
1421127637653
1421127637696
1421127636888
1421127636895
1421127636886
1421127636891
1421127637655
1421127637666
1421127636886
1421127636893
1421127636887
1421127636895
1421127636902
1421127636907
1421127636913
1421127637660
1421127636893
1421127637681
