1421127680245
1421127680271
1421127681293
1421127680258
1421127680273
1421127680280
1421127680287
1421127680244
1421127680257
1421127680278
1421127680247
1421127680261
1421127681293
1421127681294
1421127681303
1421127681312
1421127681320
1421127680244
1421127680246
1421127680264
1421127680251
1421127680260
1421127681294
1421127680242
1421127680258
1421127680274
1421127680287
1421127681295
1421127680250
1421127680266
1421127680249
1421127680265
1421127680273
1421127680281
1421127681297
1421127681304
1421127680245
1421127680260
1421127680274
1421127680281
1421127680244
1421127680273
1421127680289
1421127680310
1421127680580
1421127681405
1421127682100
1421127683064
1421127683788
1421127684030
1421127680258
1421127680279
1421127680242
1421127680259
1421127680243
1421127680258
1421127680279
1421127680241
1421127680269
1421127680278
1421127680287
1421127680241
1421127680258
1421127684052
1421127684100
1421127684140
1421127684141
1421127684149
1421127684158
1421127684167
1421127684175
1421127684184
1421127684193
1421127684202
1421127684210
1421127684219
1421127684228
1421127684236
1421127684237
1421127684246
1421127684257
1421127684266
1421127684276
1421127680243
1421127680260
1421127680240
1421127680285
1421127680241
1421127680256
1421127681294
1421127681294
1421127680264
1421127680275
