1421127483324
1421127483316
1421127483317
1421127483332
1421127483349
1421127483332
1421127483308
1421127483307
1421127483317
1421127483333
1421127483348
1421127483314
1421127483325
1421127483320
1421127483332
1421127483320
1421127483332
1421127492543
1421127492541
1421127492588
1421127492607
1421127492617
1421127492678
1421127492706
1421127492782
1421127492804
1421127492838
1421127492895
1421127492972
1421127492988
1421127493034
1421127493054
1421127492540
1421127492584
1421127492620
1421127492634
1421127492643
1421127492660
1421127492665
1421127492684
1421127492696
1421127492716
1421127492725
1421127492736
1421127492744
1421127492753
1421127492763
1421127492772
1421127492794
1421127492813
1421127492822
1421127492851
1421127492858
1421127492871
1421127492884
1421127492907
1421127492920
1421127492931
1421127492940
1421127492954
1421127492982
1421127492997
1421127493011
1421127493021
1421127493043
1421127492526
1421127492558
1421127492578
1421127492579
1421127492596
1421127492617
1421127492628
1421127492639
1421127492654
1421127492665
1421127492675
1421127492684
1421127492703
1421127492704
1421127492713
1421127492722
1421127492731
1421127492744
1421127492754
1421127492755
1421127492760
1421127492769
1421127492780
1421127492792
1421127492804
1421127492814
1421127492822
1421127492836
1421127492849
1421127492871
1421127492883
1421127492893
1421127492904
1421127492917
1421127492929
1421127492940
1421127492956
1421127492969
1421127492980
1421127492989
1421127492997
1421127493010
1421127493020
1421127493031
1421127493050
1421127493054
1421127492522
1421127492575
1421127492616
1421127492562
1421127492601
1421127492532
1421127492533
1421127492555
1421127492576
1421127492602
1421127492617
1421127492642
1421127492664
1421127492683
1421127492694
1421127492704
1421127492721
1421127492743
1421127492760
1421127492761
1421127492780
1421127492801
1421127492821
1421127492846
1421127492860
1421127492873
1421127492891
1421127492892
1421127492916
1421127492939
1421127492970
1421127492988
1421127493013
1421127493031
1421127493057
1421127492525
1421127492559
1421127492577
1421127492617
1421127492640
1421127492665
1421127492684
1421127492704
1421127492721
1421127492744
1421127492753
1421127492761
1421127492779
1421127492793
1421127492804
1421127492814
1421127492821
1421127492836
1421127492850
1421127492871
1421127492893
1421127492916
1421127492929
1421127492939
1421127492957
1421127492970
1421127492988
1421127493000
1421127493010
1421127493034
1421127493054
1421127492534
1421127492528
1421127492582
1421127492599
1421127492619
1421127492528
1421127492565
1421127492578
1421127492599
1421127492619
1421127492633
1421127492642
1421127492658
1421127492665
1421127492675
1421127492684
1421127492695
1421127492704
1421127492713
1421127492722
1421127492732
1421127492743
1421127492763
1421127492771
1421127492782
1421127492802
1421127492821
1421127492850
1421127492859
1421127492871
1421127492885
1421127492896
1421127492905
1421127492918
1421127492939
1421127492970
1421127492979
1421127492989
1421127493013
1421127493023
1421127493034
1421127493045
1421127493054
1421127492525
1421127492542
1421127492560
1421127492580
1421127492600
1421127492623
1421127492632
1421127492643
1421127492659
1421127492671
1421127492679
1421127492688
1421127492699
1421127492707
1421127492717
1421127492725
1421127492735
1421127492747
1421127492755
1421127492764
1421127492773
1421127492784
1421127492797
1421127492807
1421127492816
1421127492829
1421127492841
1421127492852
1421127492861
1421127492874
1421127492887
1421127492898
1421127492911
1421127492922
1421127492934
1421127492947
1421127492963
1421127492973
1421127492984
1421127492992
1421127493001
1421127493016
1421127493027
1421127493037
1421127493050
1421127493063
1421127492537
1421127492536
1421127492559
1421127492579
1421127492616
1421127492560
1421127492579
1421127492598
1421127492618
1421127492640
1421127492665
1421127492685
1421127492703
1421127492723
1421127492744
1421127492760
1421127492782
1421127492801
1421127492823
1421127492846
1421127492872
1421127492893
1421127492918
1421127492939
1421127492970
1421127492988
1421127493011
1421127493034
1421127493054
1421127492528
1421127492577
1421127492596
1421127492617
1421127492628
1421127492639
1421127492656
1421127492666
1421127492678
1421127492684
1421127492695
1421127492703
1421127492716
1421127492724
1421127492743
1421127492744
1421127492752
1421127492760
1421127492771
1421127492772
1421127492779
1421127492793
1421127492801
1421127492812
1421127492821
1421127492836
1421127492847
1421127492857
1421127492871
1421127492892
1421127492916
1421127492940
1421127492953
1421127492968
1421127492988
1421127492999
1421127493013
1421127493023
1421127493024
1421127493034
1421127493055
1421127492535
1421127492576
1421127492620
1421127492640
1421127492654
1421127492667
1421127492684
1421127492695
1421127492703
1421127492722
1421127492744
1421127492760
1421127492769
1421127492780
1421127492793
1421127492804
1421127492812
1421127492823
1421127492838
1421127492849
1421127492857
1421127492871
1421127492894
1421127492918
1421127492930
1421127492943
1421127492958
1421127492969
1421127492980
1421127492988
1421127493013
1421127493034
1421127493046
1421127493057
1421127492537
1421127492532
1421127492578
1421127492598
1421127492619
1421127492628
1421127492641
1421127492667
1421127492676
1421127492684
1421127492704
1421127492715
1421127492721
1421127492731
1421127492744
1421127492754
1421127492761
1421127492780
1421127492802
1421127492821
1421127492846
1421127492872
1421127492883
1421127492893
1421127492903
1421127492916
1421127492939
1421127492968
1421127492990
1421127492999
1421127493010
1421127493022
1421127493031
1421127493057
1421127492533
1421127492556
1421127492578
1421127492595
1421127492618
1421127492641
1421127492665
1421127492684
1421127492706
1421127492722
1421127492733
1421127492743
1421127492761
1421127492782
1421127492801
1421127492822
1421127492850
1421127492871
1421127492886
1421127492893
1421127492903
1421127492916
1421127492928
1421127492942
1421127492968
1421127492981
1421127492988
1421127493010
1421127493032
1421127493043
1421127493057
1421127492522
1421127492574
1421127492575
1421127492616
1421127492566
1421127492585
1421127492623
1421127492634
1421127492657
1421127492671
1421127492689
1421127492717
1421127492739
1421127492747
1421127492756
1421127492788
1421127492805
1421127492829
1421127492840
1421127492898
1421127492922
1421127492943
1421127492961
1421127492974
1421127492983
1421127493001
1421127493027
1421127493037
1421127492548
1421127492551
1421127492612
1421127492620
1421127492647
1421127492679
1421127492697
1421127492708
1421127492725
1421127492764
1421127492775
1421127492796
1421127492815
1421127492850
1421127492866
1421127492878
1421127492887
1421127492907
1421127492931
1421127492992
1421127493016
1421127493048
1421127493063
1421127492543
1421127492590
1421127492610
1421127499602
1421127499617
1421127499614
1421127499606
1421127499614
1421127499623
1421127499608
1421127499612
1421127499602
1421127499603
1421127499617
1421127499610
1421127499624
1421127499603
1421127499604
1421127499611
1421127499620
