1421127494143
1421127494166
1421127494186
1421127494212
1421127494231
1421127494257
1421127494285
1421127494305
1421127494330
1421127494346
1421127494360
1421127494374
1421127494383
1421127494399
1421127494412
1421127494424
1421127494434
1421127494446
1421127494456
1421127494465
1421127494478
1421127494489
1421127494502
1421127494514
1421127494525
1421127494536
1421127494553
1421127494561
1421127494573
1421127494591
1421127494608
1421127494609
1421127494622
1421127494633
1421127494649
1421127494658
1421127494667
1421127494684
1421127494691
1421127494704
1421127494717
1421127494731
1421127494743
1421127494744
1421127494761
1421127494781
1421127494799
1421127494808
1421127494818
1421127494829
1421127494846
1421127494861
1421127494871
1421127494886
1421127494896
1421127494908
1421127494920
1421127494932
1421127494944
1421127494956
1421127494968
1421127494980
1421127494994
1421127495011
1421127495029
1421127495038
1421127495047
1421127495056
1421127495067
1421127495078
1421127495087
1421127495097
1421127495111
1421127495118
1421127495135
1421127495158
1421127495167
1421127495176
1421127495190
1421127495202
1421127495216
1421127495226
1421127495238
1421127495257
1421127495265
1421127495278
1421127495293
1421127495307
1421127495338
1421127495351
1421127495362
1421127495371
1421127495386
1421127495399
1421127495417
1421127495467
1421127495519
1421127495537
1421127495552
1421127495611
1421127495630
1421127494137
1421127494212
1421127494258
1421127494304
1421127494330
1421127494344
1421127494359
1421127494373
1421127494386
1421127494400
1421127494412
1421127494424
1421127494437
1421127494446
1421127494456
1421127494465
1421127494477
1421127494490
1421127494502
1421127494516
1421127494525
1421127494538
1421127494552
1421127494563
1421127494577
1421127494587
1421127494601
1421127494622
1421127494636
1421127494650
1421127494657
1421127494668
1421127494677
1421127494691
1421127494708
1421127494717
1421127494731
1421127494743
1421127494757
1421127494800
1421127494808
1421127494818
1421127494830
1421127494842
1421127494861
1421127494871
1421127494882
1421127494892
1421127494904
1421127494917
1421127494932
1421127494945
1421127494957
1421127494969
1421127494980
1421127494996
1421127495011
1421127495025
1421127495039
1421127495048
1421127495056
1421127495067
1421127495078
1421127495088
1421127495108
1421127495118
1421127495127
1421127495149
1421127495159
1421127495167
1421127495177
1421127495190
1421127495202
1421127495212
1421127495227
1421127495239
1421127495257
1421127495270
1421127495278
1421127495297
1421127495306
1421127495329
1421127495807
1421127495817
1421127495826
1421127495840
1421127495853
1421127495866
1421127495880
1421127495888
1421127495902
1421127495911
1421127495923
1421127495936
1421127495953
1421127495961
1421127495972
1421127495989
1421127496002
1421127496016
1421127496028
1421127494142
1421127494143
1421127494167
1421127494192
1421127494215
1421127494289
1421127494313
1421127494330
1421127494364
1421127494383
1421127494384
1421127494414
1421127494434
1421127494456
1421127494478
1421127494504
1421127494525
1421127494550
1421127494578
1421127494610
1421127494637
1421127494658
1421127494680
1421127494708
1421127494732
1421127494757
1421127494800
1421127494819
1421127494847
1421127494867
1421127494892
1421127494921
1421127494945
1421127494969
1421127495002
1421127495029
1421127495048
1421127495067
1421127495068
1421127495088
1421127495110
1421127495138
1421127495158
1421127495182
1421127495202
1421127495203
1421127495226
1421127495258
1421127495285
1421127495311
1421127495343
1421127495361
1421127495362
1421127495389
1421127495418
1421127495449
1421127495481
1421127495527
1421127495559
1421127495583
1421127495619
1421127495641
1421127495663
1421127495688
1421127495689
1421127495713
1421127495714
1421127495732
1421127495750
1421127495771
1421127495772
1421127495796
1421127495818
1421127495841
1421127495866
1421127495889
1421127495910
1421127495941
1421127495961
1421127495990
1421127496020
1421127496043
1421127496069
1421127496096
1421127496121
1421127496141
1421127496162
1421127496182
1421127496200
1421127496224
1421127496243
1421127496261
1421127494141
1421127494165
1421127494189
1421127494213
1421127494144
1421127494165
1421127494166
1421127494190
1421127494215
1421127494236
1421127494267
1421127494151
1421127494176
1421127494220
1421127494269
1421127494320
1421127494352
1421127494375
1421127494427
1421127494449
1421127494471
1421127494495
1421127494517
1421127494537
1421127494538
1421127494562
1421127494591
1421127494624
1421127494648
1421127494669
1421127494694
1421127494751
1421127494810
1421127494833
1421127494859
1421127494884
1421127494910
1421127494938
1421127494962
1421127495013
1421127495041
1421127495059
1421127495080
1421127495081
1421127495100
1421127495121
1421127495150
1421127495168
1421127495196
1421127495240
1421127495267
1421127495317
1421127495328
1421127495354
1421127495373
1421127495401
1421127495441
1421127495467
1421127495508
1421127495545
1421127495573
1421127495631
1421127495654
1421127495677
1421127495726
1421127495743
1421127495765
1421127495786
1421127495809
1421127495833
1421127495859
1421127495881
1421127495902
1421127495927
1421127495952
1421127495979
1421127496006
1421127496058
1421127496087
1421127496134
1421127496153
1421127494152
1421127494177
1421127494196
1421127494219
1421127494245
1421127494267
1421127494292
1421127494311
1421127494331
1421127494364
1421127494386
1421127494400
1421127494401
1421127494412
1421127494437
1421127494455
1421127494477
1421127494502
1421127494526
1421127494549
1421127494577
1421127494605
1421127494634
1421127494657
1421127494681
1421127494704
1421127494721
1421127494731
1421127494768
1421127494786
1421127494799
1421127494820
1421127494842
1421127494867
1421127494893
1421127494921
1421127494944
1421127494968
1421127494984
1421127494994
1421127495025
1421127495047
1421127495067
1421127495087
1421127495109
1421127495127
1421127495157
1421127495178
1421127495202
1421127495216
1421127495226
1421127495254
1421127495278
1421127495297
1421127495317
1421127495342
1421127495361
1421127495387
1421127495413
1421127495450
1421127495486
1421127495520
1421127495558
1421127495586
1421127495601
1421127495613
1421127495644
1421127495662
1421127495688
1421127495702
1421127495712
1421127495732
1421127495750
1421127495771
1421127495795
1421127495817
1421127495845
1421127495866
1421127495892
1421127495909
1421127495936
1421127495961
1421127495993
1421127496016
1421127496035
1421127495325
1421127495427
1421127495452
1421127495480
1421127495505
1421127495582
1421127495630
1421127495641
1421127495653
1421127495663
1421127495670
1421127495682
1421127495697
1421127495712
1421127495725
1421127495732
1421127495742
1421127495751
1421127495762
1421127495771
1421127495783
1421127495798
1421127495808
1421127495817
1421127495831
1421127495839
1421127495853
1421127495866
1421127495879
1421127495888
1421127495900
1421127495909
1421127495923
1421127495940
1421127495949
1421127495961
1421127495977
1421127495996
1421127496006
1421127496016
1421127496029
1421127496043
1421127496057
1421127496069
1421127496085
1421127496095
1421127496104
1421127496115
1421127496132
1421127496140
1421127496152
1421127494183
1421127494229
1421127494279
1421127494280
1421127494323
1421127494357
1421127494379
1421127494408
1421127494432
1421127494453
1421127494454
1421127494474
1421127494500
1421127494522
1421127494547
1421127494571
1421127494598
1421127494633
1421127494675
1421127494702
1421127494728
1421127494756
1421127494797
1421127494818
1421127494839
1421127494864
1421127494889
1421127494914
1421127494967
1421127494992
1421127495024
1421127495064
1421127495084
1421127495105
1421127495126
1421127495147
1421127495174
1421127495199
1421127495223
1421127495276
1421127495303
1421127495358
1421127495381
1421127495411
1421127495447
1421127495478
1421127495549
1421127495569
1421127495595
1421127495639
1421127495661
1421127495709
1421127495729
1421127495747
1421127495770
1421127495793
1421127495816
1421127495837
1421127495863
1421127495886
1421127495906
1421127495933
1421127495958
1421127495982
1421127496013
1421127496041
1421127496066
1421127494130
1421127494158
1421127494184
1421127494228
1421127494278
1421127494323
1421127494356
1421127494379
1421127494410
1421127494453
1421127494500
1421127494522
1421127494547
1421127494570
1421127494598
1421127494654
1421127494675
1421127494702
1421127494728
1421127494783
1421127494817
1421127494839
1421127494866
1421127494891
1421127494915
1421127494941
1421127494965
1421127495022
1421127495046
1421127495066
1421127495085
1421127495097
1421127495125
1421127495156
1421127495172
1421127495201
1421127495224
1421127495251
1421127495330
1421127495342
1421127495351
1421127495365
1421127495372
1421127495385
1421127495398
1421127495414
1421127495429
1421127495449
1421127495486
1421127495506
1421127495523
1421127495536
1421127495554
1421127495569
1421127495582
1421127495596
1421127495597
1421127495613
1421127495632
1421127495640
1421127495653
1421127495663
1421127495670
1421127495684
1421127495701
1421127495715
1421127495724
1421127495735
1421127495742
1421127495751
1421127495760
1421127495771
1421127495784
1421127495795
1421127495807
1421127496028
1421127496044
1421127496056
1421127496068
1421127496082
1421127496094
1421127496106
1421127496115
1421127496133
1421127496140
1421127496152
1421127496161
1421127496171
1421127496183
1421127496190
1421127496199
1421127496212
1421127496224
1421127496234
1421127494152
1421127494198
1421127494223
1421127494244
1421127494275
1421127494293
1421127494315
1421127494351
1421127494376
1421127494404
1421127494427
1421127494449
1421127494493
1421127494518
1421127494543
1421127494563
1421127494591
1421127494626
1421127494649
1421127494670
1421127494698
1421127494720
1421127494746
1421127494791
1421127494813
1421127494836
1421127494860
1421127494884
1421127494911
1421127494988
1421127495019
1421127495041
1421127495061
1421127495081
1421127495102
1421127495121
1421127495151
1421127495169
1421127495215
1421127495247
1421127495268
1421127495295
1421127495296
1421127495328
1421127495354
1421127495373
1421127495402
1421127495456
1421127495457
1421127495468
1421127495513
1421127495546
1421127495576
1421127495605
1421127495634
1421127495656
1421127495700
1421127495725
1421127495744
1421127495765
1421127495789
1421127495810
1421127495882
1421127495903
1421127495926
1421127495952
1421127496009
1421127496032
1421127496061
1421127496096
1421127496107
1421127496133
1421127496153
1421127494150
1421127494171
1421127494196
1421127494221
1421127494242
1421127494272
1421127494291
1421127494313
1421127494335
1421127494363
1421127494384
1421127494415
1421127494435
1421127494456
1421127494479
1421127494503
1421127494526
1421127494540
1421127494550
1421127494574
1421127494603
1421127494636
1421127494658
1421127494679
1421127494696
1421127494709
1421127494732
1421127494759
1421127494800
1421127494810
1421127494821
1421127494834
1421127494848
1421127494873
1421127494893
1421127494909
1421127494922
1421127494946
1421127494970
1421127494985
1421127494995
1421127495017
1421127495030
1421127495048
1421127495068
1421127495088
1421127495109
1421127495130
1421127495158
1421127495177
1421127495203
1421127495227
1421127495245
1421127495254
1421127495279
1421127495307
1421127495339
1421127495361
1421127495362
1421127495386
1421127495416
1421127495454
1421127495482
1421127495519
1421127495559
1421127495574
1421127495587
1421127495602
1421127495614
1421127495632
1421127495642
1421127495662
1421127495683
1421127495713
1421127495732
1421127495750
1421127495762
1421127495774
1421127495786
1421127495787
1421127495799
1421127495800
1421127495818
1421127495841
1421127495871
1421127495890
1421127495915
1421127495937
1421127495962
1421127495993
1421127496018
1421127496048
1421127496073
1421127496094
1421127496119
1421127496120
1421127496143
1421127496162
1421127494145
1421127494169
1421127494217
1421127494237
1421127494263
1421127494291
1421127494315
1421127494333
1421127494350
1421127494376
1421127494405
1421127494427
1421127494449
1421127494468
1421127494492
1421127494517
1421127494566
1421127494567
1421127494590
1421127494625
1421127494651
1421127494672
1421127494724
1421127494746
1421127494793
1421127494821
1421127494860
1421127494884
1421127494934
1421127494958
1421127494959
1421127495005
1421127495040
1421127495060
1421127495079
1421127495101
1421127495121
1421127495151
1421127495169
1421127495192
1421127495220
1421127495268
1421127495299
1421127495332
1421127495353
1421127495378
1421127495407
1421127495440
1421127495473
1421127495513
1421127495544
1421127495585
1421127495655
1421127495673
1421127495706
1421127495725
1421127495744
1421127495811
1421127495830
1421127495855
1421127495881
1421127495902
1421127495930
1421127495955
1421127495973
1421127496010
1421127496031
1421127496058
1421127496084
1421127496109
1421127494149
1421127494174
1421127494200
1421127494218
1421127494248
1421127494267
1421127494293
1421127494318
1421127494333
1421127494362
1421127494383
1421127494412
1421127494435
1421127494455
1421127494468
1421127494481
1421127494505
1421127494524
1421127494549
1421127494573
1421127494601
1421127494636
1421127494657
1421127494679
1421127494705
1421127494731
1421127494761
1421127494799
1421127494819
1421127494846
1421127494871
1421127494896
1421127494921
1421127494935
1421127494948
1421127494960
1421127510381
1421127510395
1421127510382
1421127510395
1421127510388
1421127510401
1421127510416
1421127510384
1421127510397
1421127510412
1421127510389
1421127510401
1421127510390
1421127510403
1421127510383
1421127510400
1421127510388
1421127510401
1421127510415
1421127510388
1421127510401
1421127510416
1421127510387
1421127510405
1421127510416
1421127510386
1421127510399
