1421002080163
1421002080164
1421002079465
1421002080220
1421002081091
1421002079430
1421002081399
1421002079079
1421002079093
1421002079094
1421002081774
1421002079154
1421002081274
1421002080339
1421002079221
1421002080242
1421002079577
1421002079150
1421002081236
1421002080115
1421002079396
1421002079397
1421002080491
1421002081379
1421002078399
1421002080476
1421002081731
1421002080962
1421002079974
1421002080855
1421002078198
1421002079426
1421002081336
1421002080027
1421002078503
1421002080140
1421002080141
1421002081019
1421002078901
1421002078902
1421002078903
1421002079434
1421002078579
1421002080171
1421002080172
1421002081131
1421002079614
1421002078637
1421002081068
1421002080274
1421002080560
1421002081391
1421002080057
1421002079550
1421002079551
1421002079466
