1421127524706
1421127524721
1421127524743
1421127524783
1421127524821
1421127524837
1421127524855
1421127524872
1421127524887
1421127524918
1421127524931
1421127524932
1421127524947
1421127524962
1421127524979
1421127524995
1421127525007
1421127525039
1421127525069
1421127525104
1421127525134
1421127525170
1421127525182
1421127525198
1421127525218
1421127525237
1421127525248
1421127525267
1421127525279
1421127525296
1421127525312
1421127525334
1421127525349
1421127525366
1421127525382
1421127525398
1421127525413
1421127525429
1421127525459
1421127525478
1421127525496
1421127525512
1421127525534
1421127525547
1421127525562
1421127525595
1421127525611
1421127525630
1421127525645
1421127525665
1421127525682
1421127525694
1421127525705
1421127525706
1421127525727
1421127525744
1421127525758
1421127525778
1421127525795
1421127525809
1421127525824
1421127525841
1421127525842
1421127525860
1421127525876
1421127525890
1421127525907
1421127525921
1421127525955
1421127525973
1421127525974
1421127525992
1421127526032
1421127526070
1421127526089
1421127526106
1421127526127
1421127526128
1421127526154
1421127526170
1421127526185
1421127526206
1421127526224
1421127526236
1421127526249
1421127526267
1421127526284
1421127526317
1421127526336
1421127526352
1421127526386
1421127526417
1421127526433
1421127526454
1421127526467
1421127526482
1421127526501
1421127526515
1421127526533
1421127526611
1421127526629
1421127524704
1421127524725
1421127524749
1421127524769
1421127524787
1421127524826
1421127524856
1421127524877
1421127524890
1421127524891
1421127524907
1421127524918
1421127524938
1421127524952
1421127524982
1421127525012
1421127525044
1421127525075
1421127525108
1421127525139
1421127525156
1421127525172
1421127525188
1421127525203
1421127525238
1421127525269
1421127525301
1421127525302
1421127525337
1421127525369
1421127525387
1421127525403
1421127525418
1421127525433
1421127525449
1421127525464
1421127525501
1421127525536
1421127525567
1421127525600
1421127525633
1421127525654
1421127525672
1421127525685
1421127525698
1421127525711
1421127525725
1421127525726
1421127525749
1421127525765
1421127525799
1421127525815
1421127525831
1421127525847
1421127525865
1421127525893
1421127525923
1421127525945
1421127525962
1421127525980
1421127525998
1421127526020
1421127526041
1421127526059
1421127526078
1421127526098
1421127526115
1421127526135
1421127526159
1421127526174
1421127526185
1421127526225
1421127526255
1421127526289
1421127526324
1421127526341
1421127526353
1421127526377
1421127526386
1421127526420
1421127526442
1421127526454
1421127526472
1421127526487
1421127526508
1421127526524
1421127526540
1421127526555
1421127526570
1421127526578
1421127526600
1421127526620
1421127526635
1421127526654
1421127526672
1421127526706
1421127526720
1421127526739
1421127526759
1421127526822
1421127526846
1421127524702
1421127524742
1421127524785
1421127524819
1421127524838
1421127524853
1421127524872
1421127524887
1421127524918
1421127524932
1421127524947
1421127524961
1421127524977
1421127525007
1421127525038
1421127525054
1421127525068
1421127525084
1421127525102
1421127525118
1421127525134
1421127525147
1421127525167
1421127525182
1421127525198
1421127525229
1421127525248
1421127525264
1421127525279
1421127525295
1421127525330
1421127525364
1421127525380
1421127525396
1421127525427
1421127525445
1421127525458
1421127525475
1421127525498
1421127525511
1421127525534
1421127525561
1421127525594
1421127525609
1421127525628
1421127525648
1421127525666
1421127525682
1421127525695
1421127525708
1421127525722
1421127525745
1421127525758
1421127525773
1421127525797
1421127525810
1421127525824
1421127525842
1421127525862
1421127525875
1421127525888
1421127525922
1421127525954
1421127525992
1421127526032
1421127526053
1421127526068
1421127526069
1421127526088
1421127526107
1421127526154
1421127526186
1421127526222
1421127526246
1421127526264
1421127526286
1421127526301
1421127526315
1421127526336
1421127526352
1421127526368
1421127526386
1421127526402
1421127526416
1421127526448
1421127526481
1421127526518
1421127526549
1421127526578
1421127526608
1421127526647
1421127526663
1421127526682
1421127526702
1421127526751
1421127526783
1421127526818
1421127526836
1421127526853
1421127526895
1421127526950
1421127524703
1421127524724
1421127524744
1421127524786
1421127524821
1421127524853
1421127524885
1421127524915
1421127524931
1421127524947
1421127524963
1421127524978
1421127524993
1421127525008
1421127525023
1421127525039
1421127525053
1421127525070
1421127525087
1421127525103
1421127525118
1421127525135
1421127525150
1421127525166
1421127525198
1421127525233
1421127525264
1421127525296
1421127525315
1421127525332
1421127525348
1421127525366
1421127525382
1421127525397
1421127525413
1421127525427
1421127525444
1421127525459
1421127525496
1421127525531
1421127525547
1421127525563
1421127525579
1421127525595
1421127525613
1421127525628
1421127525649
1421127525664
1421127525682
1421127525694
1421127525708
1421127525727
1421127525743
1421127525755
1421127525771
1421127525794
1421127525825
1421127525841
1421127525860
1421127525875
1421127525890
1421127525905
1421127525924
1421127525937
1421127525956
1421127525973
1421127525990
1421127526010
1421127526033
1421127526051
1421127526052
1421127526070
1421127526108
1421127526125
1421127526154
1421127526169
1421127526187
1421127526203
1421127526220
1421127526234
1421127526247
1421127526269
1421127526284
1421127526299
1421127526315
1421127526337
1421127526353
1421127526371
1421127526386
1421127526417
1421127526482
1421127526631
1421127526648
1421127526663
1421127526817
1421127526841
1421127526856
1421127526918
1421127526935
1421127526987
1421127527019
1421127524706
1421127524746
1421127524791
1421127524811
1421127524827
1421127524842
1421127524860
1421127524891
1421127524919
1421127524952
1421127524968
1421127524981
1421127524998
1421127525012
1421127525028
1421127525039
1421127525059
1421127525074
1421127525092
1421127525109
1421127525125
1421127525139
1421127525172
1421127525204
1421127525223
1421127525233
1421127525253
1421127525269
1421127525284
1421127525304
1421127525319
1421127525334
1421127525355
1421127525371
1421127525403
1421127525435
1421127525465
1421127525484
1421127525501
1421127525517
1421127525535
1421127525552
1421127525568
1421127525584
1421127525602
1421127525616
1421127525635
1421127525672
1421127525698
1421127525728
1421127525763
1421127525783
1421127525800
1421127525827
1421127525866
1421127525880
1421127525895
1421127525910
1421127525928
1421127525963
1421127525993
1421127526039
1421127526070
1421127526114
1421127526156
1421127526189
1421127526209
1421127526226
1421127526239
1421127526256
1421127526272
1421127526290
1421127526306
1421127526307
1421127526319
1421127526359
1421127526392
1421127526407
1421127526424
1421127526456
1421127526489
1421127526525
1421127526556
1421127526582
1421127526615
1421127526652
1421127526689
1421127526720
1421127526754
1421127526791
1421127526807
1421127526825
1421127526862
1421127526900
1421127526938
1421127526974
1421127526993
1421127527009
1421127527025
1421127527106
1421127527135
1421127524702
1421127524722
1421127524743
1421127524765
1421127524784
1421127524802
1421127524819
1421127524834
1421127524852
1421127524871
1421127524882
1421127524900
1421127524916
1421127524946
1421127524975
1421127525006
1421127525037
1421127525067
1421127525100
1421127525134
1421127525166
1421127525185
1421127525199
1421127525213
1421127525232
1421127525247
1421127525267
1421127525278
1421127525299
1421127525332
1421127525364
1421127525396
1421127525429
1421127525458
1421127525481
1421127525495
1421127525514
1421127525534
1421127525562
1421127525597
1421127525630
1421127525666
1421127525697
1421127525721
1421127525755
1421127525798
1421127525810
1421127525825
1421127525861
1421127525889
1421127525922
1421127525956
1421127525991
1421127526034
1421127526069
1421127526089
1421127526107
1421127526155
1421127526184
1421127526219
1421127526248
1421127526283
1421127526314
1421127526352
1421127526384
1421127526404
1421127526417
1421127526431
1421127526450
1421127526481
1421127526518
1421127526534
1421127526555
1421127526566
1421127526576
1421127526594
1421127526608
1421127526645
1421127526684
1421127526702
1421127526768
1421127526783
1421127526817
1421127526852
1421127526895
1421127526950
1421127526966
1421127527002
1421127527034
1421127527071
1421127527086
1421127527099
1421127527114
1421127527149
1421127527164
1421127527178
1421127527223
1421127527258
1421127527299
1421127527334
1421127527367
1421127524741
1421127524763
1421127524787
1421127524788
1421127524806
1421127524821
1421127524854
1421127524886
1421127524900
1421127524916
1421127524946
1421127524976
1421127525006
1421127525022
1421127525036
1421127525053
1421127525068
1421127525085
1421127525103
1421127525118
1421127525133
1421127525149
1421127525166
1421127525198
1421127525229
1421127525263
1421127525297
1421127525330
1421127525365
1421127525397
1421127525429
1421127525442
1421127525459
1421127525495
1421127525529
1421127525562
1421127525578
1421127525595
1421127525628
1421127525666
1421127525695
1421127525722
1421127525757
1421127525794
1421127525824
1421127525860
1421127525889
1421127525922
1421127525938
1421127525956
1421127525988
1421127526009
1421127526032
1421127526052
1421127526066
1421127526107
1421127526153
1421127526186
1421127526220
1421127526250
1421127526284
1421127526301
1421127526315
1421127526353
1421127526369
1421127526386
1421127526401
1421127526417
1421127526450
1421127526482
1421127526518
1421127526550
1421127526578
1421127526594
1421127526609
1421127526645
1421127526646
1421127526682
1421127526714
1421127526733
1421127526751
1421127526769
1421127526785
1421127526819
1421127526856
1421127526895
1421127526934
1421127526953
1421127526968
1421127526987
1421127527003
1421127527018
1421127527035
1421127527054
1421127527070
1421127527084
1421127527100
1421127527115
1421127527129
1421127527281
1421127527299
1421127524696
1421127524744
1421127524765
1421127524785
1421127524801
1421127524820
1421127524852
1421127524886
1421127524902
1421127524918
1421127524947
1421127524975
1421127524994
1421127525008
1421127525024
1421127525037
1421127525067
1421127525102
1421127525132
1421127525167
1421127525197
1421127525219
1421127525230
1421127525267
1421127525298
1421127525313
1421127525330
1421127525347
1421127525363
1421127525395
1421127525413
1421127525427
1421127525458
1421127525498
1421127525530
1421127525546
1421127525562
1421127525578
1421127525594
1421127525630
1421127525666
1421127525693
1421127525722
1421127525758
1421127525797
1421127525823
1421127525859
1421127525888
1421127525906
1421127525920
1421127525937
1421127525958
1421127525974
1421127525992
1421127526013
1421127526033
1421127526067
1421127526109
1421127526127
1421127526152
1421127526166
1421127526167
1421127526181
1421127526202
1421127526220
1421127526235
1421127526248
1421127526286
1421127526317
1421127526353
1421127526383
1421127526415
1421127526435
1421127526451
1421127526467
1421127526480
1421127526499
1421127526518
1421127526535
1421127526549
1421127526564
1421127526581
1421127526590
1421127526613
1421127526629
1421127526643
1421127526683
1421127526714
1421127526732
1421127526754
1421127526769
1421127526806
1421127526895
1421127527001
1421127527019
1421127527034
1421127527130
1421127527162
1421127527210
1421127527226
1421127527299
1421127524702
1421127524744
1421127524788
1421127524822
1421127524852
1421127524885
1421127524914
1421127524945
1421127524974
1421127525006
1421127525038
1421127525068
1421127525101
1421127525133
1421127525165
1421127525197
1421127525230
1421127525231
1421127525267
1421127525295
1421127525330
1421127525365
1421127525395
1421127525428
1421127525458
1421127525496
1421127525529
1421127525562
1421127525594
1421127525627
1421127525663
1421127525693
1421127525720
1421127525721
1421127525758
1421127525792
1421127525823
1421127525858
1421127525859
1421127525888
1421127525920
1421127525952
1421127525992
1421127526032
1421127526071
1421127526108
1421127526153
1421127526184
1421127526220
1421127526250
1421127526284
1421127526314
1421127526315
1421127526351
1421127526386
1421127526418
1421127526450
1421127526481
1421127526518
1421127526550
1421127526577
1421127526610
1421127526645
1421127526682
1421127526713
1421127526751
1421127526783
1421127526816
1421127526855
1421127526895
1421127526933
1421127526934
1421127526965
1421127527002
1421127527033
1421127527069
1421127527098
1421127527099
1421127527130
1421127527163
1421127527194
1421127527226
1421127527260
1421127527298
1421127527337
1421127527369
1421127527400
1421127527438
1421127527439
1421127527473
1421127527507
1421127527551
1421127527587
1421127527618
1421127527658
1421127527684
1421127527729
1421127527754
1421127527790
1421127527857
1421127527965
1421127524704
1421127524742
1421127524782
1421127524837
1421127524853
1421127524887
1421127524912
1421127524950
1421127524976
1421127524994
1421127525006
1421127525026
1421127525037
1421127525053
1421127525085
1421127525102
1421127525118
1421127525133
1421127525184
1421127525215
1421127525233
1421127525250
1421127525278
1421127525295
1421127525313
1421127525365
1421127525381
1421127525413
1421127525475
1421127525499
1421127525533
1421127525546
1421127525562
1421127525577
1421127525610
1421127525630
1421127525649
1421127525681
1421127525697
1421127525706
1421127525721
1421127525775
1421127525798
1421127525823
1421127525862
1421127525874
1421127525892
1421127525904
1421127525919
1421127525940
1421127526153
1421127526170
1421127526182
1421127526206
1421127526233
1421127526266
1421127526286
1421127526301
1421127526352
1421127526384
1421127526401
1421127526466
1421127526538
1421127526566
1421127526631
1421127526686
1421127526714
1421127526754
1421127526802
1421127526858
1421127526918
1421127526932
1421127526966
1421127526985
1421127527001
1421127527021
1421127527034
1421127527069
1421127527085
1421127527099
1421127527114
1421127527240
1421127527279
1421127527302
1421127527318
1421127527389
1421127527419
1421127527443
1421127527457
1421127527492
1421127527509
1421127527534
1421127527554
1421127527712
1421127527730
1421127527743
1421127527824
1421127527825
1421127527843
1421127527913
1421127528042
1421127526549
1421127526567
1421127526578
1421127526646
1421127526667
1421127526687
1421127526699
1421127526718
1421127526754
1421127526786
1421127526805
1421127526817
1421127526836
1421127526855
1421127526874
1421127526899
1421127526915
1421127526934
1421127526935
1421127526969
1421127527003
1421127527036
1421127527074
1421127527096
1421127527131
1421127527160
1421127527179
1421127527198
1421127527199
1421127527209
1421127527226
1421127527247
1421127527260
1421127527300
1421127527337
1421127527356
1421127527369
1421127527386
1421127527400
1421127527416
1421127527439
1421127527459
1421127527474
1421127527496
1421127527510
1421127527552
1421127527587
1421127527617
1421127527637
1421127527638
1421127527654
1421127527671
1421127527693
1421127527712
1421127527728
1421127527743
1421127527759
1421127527793
1421127527822
1421127527863
1421127527894
1421127527911
1421127527927
1421127527947
1421127527961
1421127527978
1421127527994
1421127528011
1421127528028
1421127528044
1421127528059
1421127528080
1421127528091
1421127528109
1421127528124
1421127528133
1421127528145
1421127528153
1421127528163
1421127528170
1421127528179
1421127528189
1421127528195
1421127528204
1421127528217
1421127528229
1421127528236
1421127528244
1421127528262
1421127528275
1421127528283
1421127528290
1421127528304
1421127528314
1421127528322
1421127528341
1421127528361
1421127528371
1421127528386
1421127528402
1421127528412
1421127524700
1421127524743
1421127524764
1421127524783
1421127524804
1421127524823
1421127524871
1421127524901
1421127524932
1421127524961
1421127525068
1421127525150
1421127525166
1421127525199
1421127525265
1421127525331
1421127525346
1421127525397
1421127525427
1421127525443
1421127525458
1421127525514
1421127525593
1421127525666
1421127525743
1421127525759
1421127525809
1421127525840
1421127525954
1421127525972
1421127525990
1421127525991
1421127526012
1421127526036
1421127526051
1421127526071
1421127526090
1421127526108
1421127526128
1421127526219
1421127526249
1421127526318
1421127526335
1421127526370
1421127526417
1421127526435
1421127526450
1421127526481
1421127526502
1421127526518
1421127526549
1421127526575
1421127526593
1421127526613
1421127526648
1421127526666
1421127526702
1421127526733
1421127526769
1421127526786
1421127526839
1421127526871
1421127526900
1421127526950
1421127527133
1421127527147
1421127527177
1421127527209
1421127527226
1421127527263
1421127527367
1421127527399
1421127527472
1421127527569
1421127527601
1421127527622
1421127527653
1421127527670
1421127527761
1421127527778
1421127527793
1421127527810
1421127527857
1421127527874
1421127527928
1421127527947
1421127527962
1421127527977
1421127527994
1421127528011
1421127528029
1421127528076
1421127528109
1421127528133
1421127528153
1421127528293
1421127528315
1421127528372
1421127528389
1421127528412
1421127528430
1421127526770
1421127526784
1421127526816
1421127526855
1421127526872
1421127526914
1421127526934
1421127526966
1421127526985
1421127527052
1421127527070
1421127527100
1421127527193
1421127527242
1421127527260
1421127527280
1421127527318
1421127527336
1421127527352
1421127527367
1421127527385
1421127527402
1421127527438
1421127527471
1421127527494
1421127527508
1421127527551
1421127527583
1421127527601
1421127527618
1421127527654
1421127527670
1421127527686
1421127527711
1421127527725
1421127527756
1421127527792
1421127527810
1421127527824
1421127527856
1421127527875
1421127527894
1421127527912
1421127527929
1421127527945
1421127527961
1421127527978
1421127527993
1421127528011
1421127528027
1421127528042
1421127528054
1421127528076
1421127528091
1421127528109
1421127528123
1421127528133
1421127528140
1421127528153
1421127528162
1421127528172
1421127528181
1421127528190
1421127528199
1421127528207
1421127528222
1421127528229
1421127528239
1421127528247
1421127528258
1421127528275
1421127528281
1421127528291
1421127528300
1421127528313
1421127528330
1421127528353
1421127528361
1421127528371
1421127528377
1421127528392
1421127528401
1421127528413
1421127528419
1421127528430
1421127528442
1421127528451
1421127528462
1421127528470
1421127528476
1421127528477
1421127528495
1421127528504
1421127528519
1421127528537
1421127528546
1421127528559
1421127528570
1421127528590
1421127528598
1421127528607
1421127527025
1421127527041
1421127527061
1421127527076
1421127527121
1421127527166
1421127527197
1421127527224
1421127527248
1421127527265
1421127527287
1421127527305
1421127527320
1421127527342
1421127527358
1421127527373
1421127527408
1421127527445
1421127527475
1421127527498
1421127527514
1421127527541
1421127527557
1421127527589
1421127527608
1421127527624
1421127527640
1421127527659
1421127527676
1421127527702
1421127527717
1421127527734
1421127527749
1421127527764
1421127527799
1421127527831
1421127527864
1421127527885
1421127527899
1421127527936
1421127527966
1421127527983
1421127528000
1421127528015
1421127528033
1421127528050
1421127528062
1421127528084
1421127528097
1421127528115
1421127528123
1421127528133
1421127528140
1421127528153
1421127528162
1421127528170
1421127528171
1421127528182
1421127528190
1421127528196
1421127528207
1421127528217
1421127528228
1421127528238
1421127528244
1421127528265
1421127528276
1421127528284
1421127528291
1421127528300
1421127528317
1421127528326
1421127528343
1421127528358
1421127528368
1421127528377
1421127528385
1421127528398
1421127528407
1421127528418
1421127528430
1421127528439
1421127528451
1421127528458
1421127528467
1421127528477
1421127528487
1421127528498
1421127528506
1421127528519
1421127528529
1421127528538
1421127528546
1421127528560
1421127528569
1421127528582
1421127528590
1421127528599
1421127528608
1421127528632
1421127528680
1421127526576
1421127526714
1421127526732
1421127526752
1421127526931
1421127527128
1421127527194
1421127527207
1421127527367
1421127527399
1421127527438
1421127527480
1421127527509
1421127527531
1421127527548
1421127527586
1421127527618
1421127527653
1421127527686
1421127527726
1421127527758
1421127527793
1421127527824
1421127527843
1421127527855
1421127527894
1421127527912
1421127527928
1421127527946
1421127527963
1421127527994
1421127528030
1421127528059
1421127528077
1421127528093
1421127528109
1421127528123
1421127528133
1421127528142
1421127528143
1421127528150
1421127528159
1421127528167
1421127528177
1421127528188
1421127528195
1421127528208
1421127528218
1421127528226
1421127528237
1421127528245
1421127528267
1421127528275
1421127528284
1421127528293
1421127528303
1421127528315
1421127528326
1421127528342
1421127528360
1421127528370
1421127528379
1421127528389
1421127528401
1421127528409
1421127528423
1421127528433
1421127528441
1421127528450
1421127528461
1421127528470
1421127528479
1421127528488
1421127528496
1421127528506
1421127528520
1421127528529
1421127528537
1421127528546
1421127528559
1421127528570
1421127528579
1421127528590
1421127528598
1421127528606
1421127528618
1421127528626
1421127528636
1421127528663
1421127528673
1421127528702
1421127528719
1421127528733
1421127528743
1421127528759
1421127528773
1421127528782
1421127528787
1421127528802
1421127528808
1421127528820
1421127528380
1421127528425
1421127528433
1421127528441
1421127528454
1421127528461
1421127528462
1421127528470
1421127528477
1421127528488
1421127528495
1421127528506
1421127528519
1421127528529
1421127528538
1421127528546
1421127528558
1421127528570
1421127528579
1421127528590
1421127528598
1421127528607
1421127528618
1421127528626
1421127528634
1421127528642
1421127528654
1421127528664
1421127528673
1421127528682
1421127528691
1421127528703
1421127528712
1421127528719
1421127528720
1421127528732
1421127528744
1421127528752
1421127528762
1421127528773
1421127528781
1421127528794
1421127528803
1421127528812
1421127528817
1421127528828
1421127528829
1421127528838
1421127528846
1421127528857
1421127528863
1421127528877
1421127528878
1421127528888
1421127528897
1421127528910
1421127528918
1421127528927
1421127528936
1421127528945
1421127528955
1421127528967
1421127528975
1421127528987
1421127528996
1421127529010
1421127529018
1421127529028
1421127529041
1421127529050
1421127529060
1421127529070
1421127529080
1421127529087
1421127529101
1421127529112
1421127529121
1421127529131
1421127529143
1421127529151
1421127529159
1421127529171
1421127529185
1421127529198
1421127529207
1421127529218
1421127529227
1421127529236
1421127529247
1421127529255
1421127529266
1421127529275
1421127529283
1421127529284
1421127529295
1421127529304
1421127529312
1421127529335
1421127529341
1421127529353
1421127529358
1421127528485
1421127528529
1421127528569
1421127528578
1421127528607
1421127528618
1421127528626
1421127528634
1421127528644
1421127528654
1421127528664
1421127528673
1421127528682
1421127528692
1421127528703
1421127528711
1421127528717
1421127528730
1421127528731
1421127528744
1421127528754
1421127528762
1421127528772
1421127528782
1421127528790
1421127528802
1421127528811
1421127528821
1421127528830
1421127528838
1421127528847
1421127528856
1421127528867
1421127528876
1421127528890
1421127528897
1421127528906
1421127528917
1421127528927
1421127528936
1421127528937
1421127528944
1421127528955
1421127528964
1421127528975
1421127528986
1421127528998
1421127529010
1421127529018
1421127529027
1421127529037
1421127529049
1421127529060
1421127529069
1421127529079
1421127529090
1421127529102
1421127529112
1421127529113
1421127529123
1421127529134
1421127529143
1421127529153
1421127529164
1421127529171
1421127529185
1421127529196
1421127529208
1421127529218
1421127529231
1421127529238
1421127529248
1421127529255
1421127529265
1421127529273
1421127529283
1421127529295
1421127529302
1421127529311
1421127529320
1421127529321
1421127529332
1421127529343
1421127529351
1421127529361
1421127529370
1421127529381
1421127529390
1421127529399
1421127529409
1421127529421
1421127529433
1421127529444
1421127529453
1421127529463
1421127529473
1421127529482
1421127529493
1421127529503
1421127529598
1421127529605
1421127528609
1421127528618
1421127528626
1421127528644
1421127528653
1421127528664
1421127528673
1421127528695
1421127528702
1421127528709
1421127528720
1421127528731
1421127528743
1421127528752
1421127528764
1421127528773
1421127528782
1421127528790
1421127528802
1421127528811
1421127528821
1421127528830
1421127528838
1421127528847
1421127528855
1421127528864
1421127528879
1421127528880
1421127528889
1421127528898
1421127528906
1421127528918
1421127528927
1421127528935
1421127528944
1421127528955
1421127528966
1421127528976
1421127528984
1421127528996
1421127529006
1421127529018
1421127529024
1421127529035
1421127529046
1421127529061
1421127529067
1421127529079
1421127529094
1421127529101
1421127529112
1421127529126
1421127529134
1421127529143
1421127529152
1421127529162
1421127529172
1421127529187
1421127529200
1421127529210
1421127529222
1421127529230
1421127529238
1421127529244
1421127529253
1421127529263
1421127529276
1421127529286
1421127529295
1421127529302
1421127529303
1421127529311
1421127529321
1421127529335
1421127529344
1421127529351
1421127529361
1421127529370
1421127529378
1421127529392
1421127529401
1421127529408
1421127529423
1421127529433
1421127529443
1421127529450
1421127529464
1421127529473
1421127529481
1421127529494
1421127529503
1421127529511
1421127529521
1421127529532
1421127529543
1421127529554
1421127529564
1421127529575
1421127529584
1421127529665
1421127529670
1421127528644
1421127528655
1421127528682
1421127528691
1421127528711
1421127528753
1421127528826
1421127528837
1421127528847
1421127528855
1421127528864
1421127528874
1421127528887
1421127528898
1421127528906
1421127528917
1421127528927
1421127528935
1421127528941
1421127528955
1421127528963
1421127528975
1421127528987
1421127528992
1421127529006
1421127529018
1421127529027
1421127529038
1421127529049
1421127529060
1421127529067
1421127529079
1421127529091
1421127529102
1421127529113
1421127529125
1421127529135
1421127529143
1421127529154
1421127529159
1421127529169
1421127529183
1421127529202
1421127529210
1421127529218
1421127529230
1421127529238
1421127529247
1421127529258
1421127529265
1421127529271
1421127529281
1421127529292
1421127529300
1421127529313
1421127529321
1421127529335
1421127529344
1421127529351
1421127529361
1421127529370
1421127529380
1421127529392
1421127529399
1421127529409
1421127529423
1421127529432
1421127529444
1421127529450
1421127529460
1421127529473
1421127529482
1421127529492
1421127529503
1421127529513
1421127529524
1421127529534
1421127529544
1421127529553
1421127529563
1421127529573
1421127529581
1421127529600
1421127529608
1421127529617
1421127529618
1421127529626
1421127529639
1421127529647
1421127529655
1421127529664
1421127529673
1421127529682
1421127529690
1421127529700
1421127529710
1421127529721
1421127529730
1421127529740
1421127529749
1421127529755
1421127527790
1421127527823
1421127527892
1421127527929
1421127527966
1421127527992
1421127528030
1421127528059
1421127528095
1421127528123
1421127528124
1421127528143
1421127528162
1421127528176
1421127528195
1421127528220
1421127528238
1421127528259
1421127528282
1421127528302
1421127528325
1421127528360
1421127528379
1421127528399
1421127528419
1421127528439
1421127528462
1421127528481
1421127528493
1421127528521
1421127528537
1421127528559
1421127528578
1421127528598
1421127528615
1421127528634
1421127528653
1421127528671
1421127528689
1421127528709
1421127528731
1421127528749
1421127528772
1421127528791
1421127528810
1421127528830
1421127528846
1421127528866
1421127528887
1421127528906
1421127528927
1421127528944
1421127528964
1421127528986
1421127529007
1421127529027
1421127529053
1421127529070
1421127529087
1421127529109
1421127529131
1421127529151
1421127529171
1421127529200
1421127529218
1421127529238
1421127529257
1421127529276
1421127529295
1421127529311
1421127529335
1421127529351
1421127529368
1421127529392
1421127529409
1421127529432
1421127529454
1421127529473
1421127529494
1421127529513
1421127529533
1421127529552
1421127529573
1421127529599
1421127529618
1421127529638
1421127529655
1421127529672
1421127529690
1421127529710
1421127529730
1421127529745
1421127529768
1421127529786
1421127529805
1421127529823
1421127529824
1421127529841
1421127529857
1421127529898
1421127529918
1421127528153
1421127528171
1421127528190
1421127528210
1421127528227
1421127528246
1421127528273
1421127528351
1421127528430
1421127528449
1421127528470
1421127528488
1421127528506
1421127528529
1421127528546
1421127528569
1421127528590
1421127528608
1421127528623
1421127528644
1421127528662
1421127528680
1421127528681
1421127528702
1421127528721
1421127528743
1421127528762
1421127528781
1421127528802
1421127528820
1421127528838
1421127528855
1421127528874
1421127528897
1421127528917
1421127528935
1421127528955
1421127528976
1421127528995
1421127529019
1421127529037
1421127529060
1421127529082
1421127529101
1421127529124
1421127529143
1421127529162
1421127529185
1421127529210
1421127529230
1421127529247
1421127529265
1421127529266
1421127529283
1421127529302
1421127529321
1421127529344
1421127529362
1421127529382
1421127529400
1421127529423
1421127529439
1421127529463
1421127529483
1421127529503
1421127529523
1421127529543
1421127529563
1421127529584
1421127529607
1421127529624
1421127529647
1421127529662
1421127529679
1421127529703
1421127529719
1421127529739
1421127529758
1421127529776
1421127529798
1421127529815
1421127529831
1421127529850
1421127529866
1421127529887
1421127529909
1421127529927
1421127529948
1421127529965
1421127529987
1421127530026
1421127530046
1421127530067
1421127530088
1421127530111
1421127530139
1421127530156
1421127530175
1421127530193
1421127530210
1421127530235
1421127529321
1421127529358
1421127529370
1421127529381
1421127529392
1421127529401
1421127529409
1421127529421
1421127529432
1421127529441
1421127529453
1421127529463
1421127529470
1421127529481
1421127529490
1421127529499
1421127529510
1421127529519
1421127529520
1421127529533
1421127529543
1421127529550
1421127529565
1421127529570
1421127529585
1421127529600
1421127529610
1421127529619
1421127529626
1421127529638
1421127529648
1421127529655
1421127529665
1421127529673
1421127529682
1421127529690
1421127529700
1421127529710
1421127529722
1421127529729
1421127529740
1421127529748
1421127529759
1421127529768
1421127529777
1421127529786
1421127529795
1421127529806
1421127529815
1421127529821
1421127529828
1421127529840
1421127529848
1421127529855
1421127529866
1421127529879
1421127529887
1421127529899
1421127529907
1421127529918
1421127529928
1421127529940
1421127529947
1421127529956
1421127529966
1421127529974
1421127529987
1421127530000
1421127530010
1421127530018
1421127530030
1421127530039
1421127530047
1421127530056
1421127530065
1421127530066
1421127530075
1421127530087
1421127530099
1421127530110
1421127530121
1421127530139
1421127530148
1421127530157
1421127530168
1421127530175
1421127530183
1421127530193
1421127530201
1421127530210
1421127530220
1421127530235
1421127530243
1421127530252
1421127530266
1421127530274
1421127530287
1421127530299
1421127530310
1421127530321
1421127530395
1421127529503
1421127529512
1421127529523
1421127529533
1421127529543
1421127529552
1421127529564
1421127529573
1421127529581
1421127529615
1421127529630
1421127529638
1421127529644
1421127529655
1421127529664
1421127529673
1421127529682
1421127529690
1421127529702
1421127529710
1421127529722
1421127529727
1421127529736
1421127529745
1421127529754
1421127529763
1421127529779
1421127529787
1421127529794
1421127529805
1421127529816
1421127529823
1421127529832
1421127529840
1421127529848
1421127529857
1421127529863
1421127529879
1421127529889
1421127529898
1421127529907
1421127529920
1421127529927
1421127529936
1421127529948
1421127529956
1421127529965
1421127529974
1421127529988
1421127529996
1421127530007
1421127530018
1421127530026
1421127530027
1421127530038
1421127530044
1421127530055
1421127530065
1421127530074
1421127530088
1421127530099
1421127530114
1421127530123
1421127530139
1421127530147
1421127530157
1421127530163
1421127530175
1421127530184
1421127530193
1421127530202
1421127530210
1421127530223
1421127530235
1421127530244
1421127530254
1421127530266
1421127530274
1421127530287
1421127530302
1421127530310
1421127530319
1421127530332
1421127530345
1421127530357
1421127530369
1421127530376
1421127530387
1421127530396
1421127530408
1421127530423
1421127530443
1421127530454
1421127530482
1421127530491
1421127530511
1421127530519
1421127530529
1421127530547
1421127530557
1421127530566
1421127529600
1421127529610
1421127529617
1421127529627
1421127529638
1421127529647
1421127529657
1421127529682
1421127529690
1421127529702
1421127529710
1421127529721
1421127529730
1421127529739
1421127529750
1421127529758
1421127529768
1421127529775
1421127529787
1421127529792
1421127529803
1421127529812
1421127529823
1421127529832
1421127529841
1421127529849
1421127529858
1421127529868
1421127529876
1421127529887
1421127529899
1421127529908
1421127529918
1421127529919
1421127529927
1421127529936
1421127529948
1421127529957
1421127529966
1421127529974
1421127529987
1421127529997
1421127530004
1421127530015
1421127530024
1421127530038
1421127530048
1421127530054
1421127530066
1421127530074
1421127530087
1421127530100
1421127530111
1421127530121
1421127530139
1421127530148
1421127530157
1421127530166
1421127530175
1421127530181
1421127530190
1421127530199
1421127530208
1421127530223
1421127530232
1421127530243
1421127530252
1421127530266
1421127530274
1421127530288
1421127530299
1421127530308
1421127530320
1421127530332
1421127530346
1421127530356
1421127530367
1421127530376
1421127530383
1421127530398
1421127530406
1421127530415
1421127530424
1421127530433
1421127530446
1421127530454
1421127530462
1421127530471
1421127530482
1421127530491
1421127530500
1421127530509
1421127530519
1421127530529
1421127530534
1421127530548
1421127530555
1421127530619
1421127530630
1421127530649
1421127530659
1421127529755
1421127529767
1421127529775
1421127529786
1421127529796
1421127529803
1421127529815
1421127529823
1421127529831
1421127529838
1421127529849
1421127529857
1421127529864
1421127529879
1421127529891
1421127529896
1421127529904
1421127529919
1421127529927
1421127529936
1421127529948
1421127529957
1421127529966
1421127529974
1421127529975
1421127529987
1421127529996
1421127530007
1421127530015
1421127530024
1421127530036
1421127530046
1421127530056
1421127530066
1421127530075
1421127530084
1421127530099
1421127530111
1421127530121
1421127530139
1421127530147
1421127530157
1421127530166
1421127530175
1421127530185
1421127530193
1421127530202
1421127530210
1421127530223
1421127530235
1421127530243
1421127530253
1421127530266
1421127530274
1421127530287
1421127530300
1421127530312
1421127530321
1421127530333
1421127530346
1421127530354
1421127530367
1421127530378
1421127530387
1421127530399
1421127530406
1421127530416
1421127530424
1421127530430
1421127530446
1421127530454
1421127530462
1421127530474
1421127530482
1421127530494
1421127530501
1421127530510
1421127530519
1421127530529
1421127530537
1421127530546
1421127530558
1421127530563
1421127530571
1421127530583
1421127530592
1421127530600
1421127530610
1421127530620
1421127530630
1421127530639
1421127530650
1421127530659
1421127530668
1421127530696
1421127530743
1421127530753
1421127530801
1421127530862
1421127530876
1421127530890
1421127530332
1421127530345
1421127530356
1421127530367
1421127530378
1421127530386
1421127530410
1421127530414
1421127530423
1421127530430
1421127530443
1421127530454
1421127530462
1421127530470
1421127530483
1421127530484
1421127530491
1421127530502
1421127530511
1421127530516
1421127530529
1421127530537
1421127530547
1421127530557
1421127530566
1421127530574
1421127530583
1421127530592
1421127530602
1421127530611
1421127530619
1421127530632
1421127530633
1421127530640
1421127530647
1421127530657
1421127530666
1421127530676
1421127530688
1421127530698
1421127530708
1421127530709
1421127530716
1421127530725
1421127530734
1421127530743
1421127530751
1421127530771
1421127530782
1421127530790
1421127530801
1421127530811
1421127530819
1421127530828
1421127530844
1421127530852
1421127530859
1421127530869
1421127530881
1421127530893
1421127530901
1421127530909
1421127530920
1421127530931
1421127530937
1421127530951
1421127530962
1421127530974
1421127530983
1421127530994
1421127531003
1421127531014
1421127531025
1421127531026
1421127531033
1421127531046
1421127531051
1421127531064
1421127531071
1421127531078
1421127531088
1421127531094
1421127531104
1421127531105
1421127531114
1421127531119
1421127531129
1421127531138
1421127531146
1421127531156
1421127531165
1421127531172
1421127531173
1421127531183
1421127531190
1421127531199
1421127531208
1421127531220
1421127531226
1421127531235
1421127531246
1421127530408
1421127530415
1421127530433
1421127530462
1421127530469
1421127530502
1421127530537
1421127530574
1421127530584
1421127530593
1421127530601
1421127530612
1421127530620
1421127530630
1421127530639
1421127530649
1421127530658
1421127530668
1421127530677
1421127530687
1421127530698
1421127530708
1421127530717
1421127530725
1421127530734
1421127530740
1421127530751
1421127530771
1421127530779
1421127530790
1421127530803
1421127530812
1421127530820
1421127530828
1421127530843
1421127530852
1421127530863
1421127530872
1421127530880
1421127530891
1421127530898
1421127530909
1421127530919
1421127530928
1421127530940
1421127530951
1421127530963
1421127530971
1421127530982
1421127530997
1421127531006
1421127531014
1421127531026
1421127531035
1421127531040
1421127531051
1421127531061
1421127531071
1421127531077
1421127531085
1421127531094
1421127531106
1421127531111
1421127531122
1421127531130
1421127531141
1421127531147
1421127531155
1421127531166
1421127531173
1421127531183
1421127531194
1421127531201
1421127531210
1421127531219
1421127531229
1421127531237
1421127531247
1421127531258
1421127531265
1421127531266
1421127531274
1421127531285
1421127531293
1421127531303
1421127531309
1421127531320
1421127531327
1421127531339
1421127531349
1421127531360
1421127531371
1421127531379
1421127531390
1421127531398
1421127531408
1421127531417
1421127531426
1421127531437
1421127531467
1421127531512
1421127530566
1421127530574
1421127530583
1421127530592
1421127530599
1421127530610
1421127530640
1421127530667
1421127530676
1421127530686
1421127530687
1421127530698
1421127530707
1421127530716
1421127530725
1421127530731
1421127530740
1421127530749
1421127530769
1421127530779
1421127530787
1421127530799
1421127530810
1421127530819
1421127530827
1421127530828
1421127530838
1421127530849
1421127530860
1421127530871
1421127530883
1421127530891
1421127530902
1421127530907
1421127530922
1421127530930
1421127530943
1421127530951
1421127530960
1421127530971
1421127530972
1421127530982
1421127530994
1421127531005
1421127531011
1421127531027
1421127531034
1421127531040
1421127531054
1421127531063
1421127531071
1421127531080
1421127531087
1421127531097
1421127531104
1421127531105
1421127531113
1421127531122
1421127531131
1421127531141
1421127531149
1421127531158
1421127531165
1421127531174
1421127531181
1421127531193
1421127531199
1421127531208
1421127531219
1421127531227
1421127531237
1421127531247
1421127531258
1421127531265
1421127531274
1421127531285
1421127531293
1421127531303
1421127531312
1421127531321
1421127531331
1421127531340
1421127531348
1421127531358
1421127531371
1421127531379
1421127531388
1421127531395
1421127531407
1421127531413
1421127531430
1421127531438
1421127531456
1421127531468
1421127531480
1421127531487
1421127531506
1421127531512
1421127531532
1421127531630
1421127531638
1421127529879
1421127529936
1421127529956
1421127529974
1421127529996
1421127530018
1421127530037
1421127530056
1421127530073
1421127530096
1421127530122
1421127530147
1421127530165
1421127530184
1421127530201
1421127530223
1421127530243
1421127530263
1421127530287
1421127530312
1421127530332
1421127530357
1421127530377
1421127530398
1421127530415
1421127530433
1421127530451
1421127530468
1421127530490
1421127530511
1421127530529
1421127530530
1421127530544
1421127530564
1421127530583
1421127530600
1421127530622
1421127530640
1421127530659
1421127530674
1421127530698
1421127530717
1421127530734
1421127530749
1421127530782
1421127530803
1421127530819
1421127530837
1421127530862
1421127530879
1421127530898
1421127530922
1421127530941
1421127530966
1421127530980
1421127531002
1421127531025
1421127531026
1421127531043
1421127531063
1421127531080
1421127531097
1421127531111
1421127531112
1421127531132
1421127531148
1421127531163
1421127531183
1421127531198
1421127531199
1421127531216
1421127531237
1421127531258
1421127531271
1421127531293
1421127531294
1421127531310
1421127531330
1421127531351
1421127531371
1421127531388
1421127531389
1421127531404
1421127531424
1421127531457
1421127531477
1421127531504
1421127531523
1421127531541
1421127531559
1421127531582
1421127531598
1421127531599
1421127531618
1421127531619
1421127531640
1421127531656
1421127531673
1421127531694
1421127531713
1421127531733
1421127530668
1421127530678
1421127530686
1421127530704
1421127530713
1421127530722
1421127530734
1421127530774
1421127530781
1421127530794
1421127530810
1421127530819
1421127530828
1421127530836
1421127530855
1421127530869
1421127530900
1421127530909
1421127530920
1421127530930
1421127530941
1421127530953
1421127530963
1421127530973
1421127530980
1421127530990
1421127531005
1421127531014
1421127531025
1421127531035
1421127531041
1421127531054
1421127531063
1421127531071
1421127531080
1421127531085
1421127531097
1421127531105
1421127531114
1421127531121
1421127531129
1421127531138
1421127531145
1421127531156
1421127531166
1421127531172
1421127531183
1421127531194
1421127531201
1421127531207
1421127531219
1421127531224
1421127531237
1421127531244
1421127531255
1421127531263
1421127531271
1421127531283
1421127531292
1421127531300
1421127531309
1421127531319
1421127531328
1421127531339
1421127531350
1421127531351
1421127531357
1421127531371
1421127531381
1421127531390
1421127531398
1421127531407
1421127531416
1421127531423
1421127531441
1421127531455
1421127531467
1421127531480
1421127531489
1421127531503
1421127531513
1421127531524
1421127531532
1421127531541
1421127531550
1421127531560
1421127531569
1421127531579
1421127531598
1421127531607
1421127531622
1421127531638
1421127531666
1421127531704
1421127531715
1421127531725
1421127531733
1421127531753
1421127531760
1421127531772
1421127531791
1421127531246
1421127531257
1421127531266
1421127531274
1421127531285
1421127531293
1421127531303
1421127531312
1421127531320
1421127531321
1421127531327
1421127531337
1421127531351
1421127531359
1421127531371
1421127531377
1421127531389
1421127531398
1421127531408
1421127531416
1421127531427
1421127531437
1421127531456
1421127531471
1421127531479
1421127531486
1421127531503
1421127531513
1421127531521
1421127531529
1421127531542
1421127531550
1421127531562
1421127531569
1421127531570
1421127531582
1421127531591
1421127531598
1421127531607
1421127531618
1421127531627
1421127531639
1421127531646
1421127531647
1421127531656
1421127531667
1421127531678
1421127531685
1421127531694
1421127531702
1421127531712
1421127531721
1421127531731
1421127531740
1421127531750
1421127531760
1421127531772
1421127531782
1421127531787
1421127531797
1421127531798
1421127531814
1421127531822
1421127531833
1421127531846
1421127531854
1421127531862
1421127531872
1421127531881
1421127531889
1421127531898
1421127531906
1421127531917
1421127531926
1421127531932
1421127531943
1421127531957
1421127531966
1421127531975
1421127531988
1421127532002
1421127532010
1421127532019
1421127532030
1421127532039
1421127532048
1421127532057
1421127532065
1421127532074
1421127532083
1421127532094
1421127532105
1421127532113
1421127532123
1421127532131
1421127532140
1421127532149
1421127532160
1421127532170
1421127532183
1421127532195
1421127530008
1421127530235
1421127530252
1421127530275
1421127530303
1421127530322
1421127530346
1421127530367
1421127530386
1421127530407
1421127530425
1421127530446
1421127530462
1421127530480
1421127530502
1421127530503
1421127530519
1421127530537
1421127530557
1421127530574
1421127530592
1421127530610
1421127530630
1421127530650
1421127530667
1421127530686
1421127530707
1421127530725
1421127530742
1421127530771
1421127530794
1421127530812
1421127530828
1421127530852
1421127530871
1421127530890
1421127530907
1421127530928
1421127530952
1421127530974
1421127530992
1421127531014
1421127531034
1421127531051
1421127531070
1421127531088
1421127531103
1421127531119
1421127531141
1421127531155
1421127531176
1421127531193
1421127531210
1421127531227
1421127531246
1421127531266
1421127531285
1421127531302
1421127531320
1421127531337
1421127531359
1421127531379
1421127531398
1421127531417
1421127531436
1421127531464
1421127531489
1421127531515
1421127531532
1421127531550
1421127531569
1421127531589
1421127531608
1421127531630
1421127531648
1421127531669
1421127531685
1421127531702
1421127531725
1421127531743
1421127531763
1421127531781
1421127531800
1421127531826
1421127531842
1421127531862
1421127531881
1421127531898
1421127531915
1421127531935
1421127531956
1421127531974
1421127531999
1421127532021
1421127532074
1421127532094
1421127532112
1421127532169
1421127532195
1421127532213
1421127532254
1421127531437
1421127531438
1421127531455
1421127531480
1421127531491
1421127531503
1421127531521
1421127531530
1421127531539
1421127531547
1421127531557
1421127531570
1421127531582
1421127531590
1421127531598
1421127531607
1421127531619
1421127531630
1421127531639
1421127531648
1421127531656
1421127531666
1421127531673
1421127531685
1421127531694
1421127531699
1421127531715
1421127531722
1421127531733
1421127531740
1421127531754
1421127531760
1421127531770
1421127531778
1421127531790
1421127531800
1421127531812
1421127531822
1421127531831
1421127531845
1421127531854
1421127531863
1421127531873
1421127531880
1421127531889
1421127531895
1421127531903
1421127531918
1421127531928
1421127531935
1421127531945
1421127531956
1421127531966
1421127531978
1421127531987
1421127532002
1421127532010
1421127532021
1421127532029
1421127532038
1421127532047
1421127532056
1421127532065
1421127532074
1421127532083
1421127532095
1421127532105
1421127532113
1421127532121
1421127532130
1421127532139
1421127532148
1421127532159
1421127532167
1421127532186
1421127532194
1421127532206
1421127532214
1421127532223
1421127532235
1421127532241
1421127532254
1421127532262
1421127532272
1421127532279
1421127532291
1421127532299
1421127532310
1421127532319
1421127532335
1421127532351
1421127532382
1421127532393
1421127532401
1421127532432
1421127532442
1421127532453
1421127532469
1421127532482
1421127532494
1421127532520
1421127531525
1421127531541
1421127531550
1421127531559
1421127531569
1421127531578
1421127531589
1421127531600
1421127531608
1421127531617
1421127531647
1421127531648
1421127531659
1421127531664
1421127531677
1421127531684
1421127531695
1421127531704
1421127531715
1421127531725
1421127531733
1421127531740
1421127531751
1421127531763
1421127531772
1421127531778
1421127531779
1421127531787
1421127531799
1421127531809
1421127531819
1421127531830
1421127531844
1421127531854
1421127531859
1421127531872
1421127531881
1421127531888
1421127531898
1421127531907
1421127531917
1421127531928
1421127531935
1421127531946
1421127531958
1421127531968
1421127531976
1421127531988
1421127531999
1421127532007
1421127532015
1421127532030
1421127532040
1421127532047
1421127532056
1421127532066
1421127532074
1421127532083
1421127532094
1421127532105
1421127532110
1421127532122
1421127532128
1421127532140
1421127532141
1421127532149
1421127532160
1421127532167
1421127532184
1421127532198
1421127532206
1421127532214
1421127532224
1421127532235
1421127532243
1421127532251
1421127532263
1421127532272
1421127532281
1421127532291
1421127532302
1421127532310
1421127532316
1421127532335
1421127532348
1421127532361
1421127532372
1421127532382
1421127532392
1421127532402
1421127532414
1421127532422
1421127532432
1421127532442
1421127532450
1421127532460
1421127532472
1421127532486
1421127532513
1421127532539
1421127532571
1421127531570
1421127531589
1421127531629
1421127531647
1421127531657
1421127531676
1421127531683
1421127531694
1421127531743
1421127531782
1421127531797
1421127531811
1421127531820
1421127531832
1421127531843
1421127531854
1421127531862
1421127531869
1421127531878
1421127531888
1421127531898
1421127531906
1421127531919
1421127531927
1421127531935
1421127531945
1421127531956
1421127531966
1421127531978
1421127531987
1421127532000
1421127532010
1421127532019
1421127532030
1421127532040
1421127532047
1421127532054
1421127532063
1421127532074
1421127532083
1421127532093
1421127532104
1421127532113
1421127532122
1421127532130
1421127532140
1421127532148
1421127532159
1421127532170
1421127532183
1421127532198
1421127532206
1421127532213
1421127532222
1421127532235
1421127532244
1421127532254
1421127532263
1421127532272
1421127532281
1421127532291
1421127532301
1421127532310
1421127532328
1421127532338
1421127532353
1421127532360
1421127532371
1421127532385
1421127532392
1421127532401
1421127532411
1421127532422
1421127532432
1421127532439
1421127532447
1421127532460
1421127532470
1421127532486
1421127532495
1421127532504
1421127532512
1421127532520
1421127532532
1421127532539
1421127532551
1421127532561
1421127532570
1421127532579
1421127532603
1421127532609
1421127532624
1421127532629
1421127532639
1421127532652
1421127532662
1421127532668
1421127532679
1421127532688
1421127532699
1421127532706
1421127532195
1421127532206
1421127532211
1421127532223
1421127532235
1421127532244
1421127532252
1421127532261
1421127532272
1421127532280
1421127532291
1421127532300
1421127532310
1421127532320
1421127532335
1421127532352
1421127532360
1421127532374
1421127532379
1421127532393
1421127532402
1421127532414
1421127532422
1421127532432
1421127532442
1421127532450
1421127532460
1421127532468
1421127532486
1421127532494
1421127532504
1421127532511
1421127532520
1421127532521
1421127532531
1421127532539
1421127532551
1421127532562
1421127532571
1421127532579
1421127532590
1421127532602
1421127532610
1421127532624
1421127532631
1421127532641
1421127532654
1421127532661
1421127532667
1421127532679
1421127532690
1421127532697
1421127532707
1421127532715
1421127532727
1421127532735
1421127532744
1421127532753
1421127532763
1421127532773
1421127532784
1421127532792
1421127532807
1421127532813
1421127532822
1421127532836
1421127532840
1421127532848
1421127532860
1421127532871
1421127532879
1421127532887
1421127532896
1421127532906
1421127532907
1421127532917
1421127532926
1421127532933
1421127532943
1421127532952
1421127532961
1421127532972
1421127532980
1421127532987
1421127533000
1421127533009
1421127533018
1421127533028
1421127533038
1421127533046
1421127533054
1421127533062
1421127533075
1421127533085
1421127533094
1421127533106
1421127533118
1421127533124
1421127533136
1421127533150
1421127533179
1421127532494
1421127532504
1421127532522
1421127532531
1421127532553
1421127532562
1421127532579
1421127532591
1421127532602
1421127532609
1421127532624
1421127532634
1421127532641
1421127532650
1421127532662
1421127532670
1421127532680
1421127532691
1421127532701
1421127532709
1421127532717
1421127532727
1421127532735
1421127532745
1421127532754
1421127532763
1421127532774
1421127532786
1421127532797
1421127532806
1421127532815
1421127532826
1421127532837
1421127532848
1421127532859
1421127532871
1421127532879
1421127532886
1421127532896
1421127532906
1421127532915
1421127532924
1421127532930
1421127532940
1421127532950
1421127532961
1421127532969
1421127532978
1421127532989
1421127532999
1421127533005
1421127533017
1421127533025
1421127533038
1421127533046
1421127533054
1421127533062
1421127533075
1421127533085
1421127533094
1421127533106
1421127533118
1421127533127
1421127533138
1421127533149
1421127533158
1421127533171
1421127533179
1421127533189
1421127533197
1421127533208
1421127533218
1421127533231
1421127533240
1421127533248
1421127533260
1421127533273
1421127533281
1421127533291
1421127533299
1421127533310
1421127533320
1421127533329
1421127533339
1421127533347
1421127533359
1421127533367
1421127533377
1421127533386
1421127533396
1421127533406
1421127533417
1421127533428
1421127533437
1421127533446
1421127533469
1421127533495
1421127533504
1421127533527
1421127533534
1421127533611
1421127532364
1421127532373
1421127532414
1421127532419
1421127532460
1421127532503
1421127532511
1421127532530
1421127532541
1421127532551
1421127532562
1421127532571
1421127532578
1421127532590
1421127532602
1421127532610
1421127532621
1421127532631
1421127532639
1421127532651
1421127532661
1421127532668
1421127532676
1421127532691
1421127532699
1421127532707
1421127532717
1421127532726
1421127532735
1421127532744
1421127532752
1421127532763
1421127532774
1421127532783
1421127532794
1421127532795
1421127532806
1421127532815
1421127532823
1421127532839
1421127532849
1421127532860
1421127532870
1421127532879
1421127532887
1421127532896
1421127532906
1421127532915
1421127532921
1421127532933
1421127532942
1421127532950
1421127532958
1421127532972
1421127532979
1421127532988
1421127532999
1421127533008
1421127533018
1421127533026
1421127533038
1421127533046
1421127533053
1421127533063
1421127533075
1421127533086
1421127533092
1421127533103
1421127533118
1421127533126
1421127533139
1421127533150
1421127533160
1421127533171
1421127533179
1421127533186
1421127533196
1421127533210
1421127533222
1421127533234
1421127533242
1421127533251
1421127533262
1421127533271
1421127533281
1421127533291
1421127533299
1421127533310
1421127533320
1421127533334
1421127533342
1421127533350
1421127533359
1421127533367
1421127533376
1421127533387
1421127533396
1421127533407
1421127533426
1421127533561
1421127533591
1421127531694
1421127531754
1421127531773
1421127531790
1421127531811
1421127531834
1421127531854
1421127531873
1421127531889
1421127531906
1421127531926
1421127531945
1421127531966
1421127531988
1421127532010
1421127532030
1421127532048
1421127532065
1421127532086
1421127532105
1421127532123
1421127532139
1421127532159
1421127532182
1421127532206
1421127532222
1421127532245
1421127532262
1421127532280
1421127532300
1421127532327
1421127532351
1421127532371
1421127532392
1421127532414
1421127532434
1421127532451
1421127532471
1421127532494
1421127532511
1421127532531
1421127532551
1421127532572
1421127532590
1421127532610
1421127532632
1421127532651
1421127532670
1421127532690
1421127532708
1421127532727
1421127532744
1421127532763
1421127532785
1421127532807
1421127532826
1421127532849
1421127532871
1421127532886
1421127532906
1421127532924
1421127532943
1421127532961
1421127532981
1421127532982
1421127532999
1421127533016
1421127533038
1421127533051
1421127533075
1421127533093
1421127533094
1421127533115
1421127533139
1421127533156
1421127533179
1421127533180
1421127533198
1421127533218
1421127533242
1421127533260
1421127533281
1421127533300
1421127533320
1421127533342
1421127533359
1421127533376
1421127533396
1421127533417
1421127533436
1421127533456
1421127533481
1421127533504
1421127533525
1421127533551
1421127533576
1421127533600
1421127533626
1421127533646
1421127533686
1421127533699
1421127532590
1421127532706
1421127532717
1421127532724
1421127532734
1421127532742
1421127532750
1421127532763
1421127532770
1421127532784
1421127532794
1421127532806
1421127532816
1421127532826
1421127532836
1421127532849
1421127532859
1421127532870
1421127532879
1421127532887
1421127532897
1421127532906
1421127532916
1421127532924
1421127532934
1421127532942
1421127532952
1421127532962
1421127532972
1421127532980
1421127532990
1421127532999
1421127533008
1421127533017
1421127533025
1421127533035
1421127533046
1421127533053
1421127533064
1421127533075
1421127533085
1421127533098
1421127533106
1421127533118
1421127533126
1421127533139
1421127533150
1421127533158
1421127533159
1421127533171
1421127533180
1421127533189
1421127533200
1421127533209
1421127533218
1421127533232
1421127533242
1421127533251
1421127533263
1421127533271
1421127533281
1421127533291
1421127533299
1421127533307
1421127533323
1421127533334
1421127533341
1421127533350
1421127533360
1421127533367
1421127533376
1421127533386
1421127533393
1421127533405
1421127533406
1421127533417
1421127533427
1421127533437
1421127533448
1421127533458
1421127533472
1421127533479
1421127533489
1421127533505
1421127533515
1421127533525
1421127533536
1421127533549
1421127533561
1421127533576
1421127533587
1421127533600
1421127533611
1421127533628
1421127533637
1421127533646
1421127533704
1421127533738
1421127533770
1421127533831
1421127533849
1421127533159
1421127533171
1421127533189
1421127533199
1421127533209
1421127533219
1421127533234
1421127533242
1421127533251
1421127533263
1421127533271
1421127533281
1421127533291
1421127533299
1421127533309
1421127533322
1421127533334
1421127533342
1421127533348
1421127533358
1421127533364
1421127533375
1421127533384
1421127533396
1421127533405
1421127533414
1421127533427
1421127533437
1421127533445
1421127533458
1421127533472
1421127533481
1421127533492
1421127533500
1421127533512
1421127533525
1421127533536
1421127533546
1421127533560
1421127533561
1421127533573
1421127533584
1421127533600
1421127533610
1421127533628
1421127533634
1421127533646
1421127533654
1421127533655
1421127533666
1421127533675
1421127533686
1421127533693
1421127533697
1421127533704
1421127533716
1421127533724
1421127533725
1421127533735
1421127533750
1421127533755
1421127533769
1421127533778
1421127533786
1421127533792
1421127533804
1421127533805
1421127533814
1421127533823
1421127533834
1421127533843
1421127533853
1421127533861
1421127533871
1421127533879
1421127533890
1421127533897
1421127533909
1421127533917
1421127533926
1421127533932
1421127533945
1421127533956
1421127533964
1421127533977
1421127533983
1421127533991
1421127534003
1421127534013
1421127534021
1421127534030
1421127534039
1421127534048
1421127534059
1421127534067
1421127534078
1421127534085
1421127534094
1421127534103
1421127534158
1421127534191
1421127532021
1421127532038
1421127532056
1421127532127
1421127532148
1421127532232
1421127532272
1421127532291
1421127532310
1421127532335
1421127532362
1421127532382
1421127532401
1421127532422
1421127532442
1421127532460
1421127532485
1421127532503
1421127532520
1421127532539
1421127532560
1421127532576
1421127532600
1421127532623
1421127532641
1421127532661
1421127532679
1421127532699
1421127532717
1421127532732
1421127532754
1421127532773
1421127532796
1421127532815
1421127532836
1421127532860
1421127532876
1421127532893
1421127532916
1421127532933
1421127532952
1421127532971
1421127532990
1421127533008
1421127533023
1421127533046
1421127533066
1421127533085
1421127533110
1421127533129
1421127533149
1421127533169
1421127533187
1421127533211
1421127533228
1421127533251
1421127533272
1421127533291
1421127533310
1421127533331
1421127533348
1421127533367
1421127533385
1421127533403
1421127533426
1421127533447
1421127533472
1421127533493
1421127533515
1421127533536
1421127533560
1421127533587
1421127533611
1421127533637
1421127533654
1421127533677
1421127533693
1421127533704
1421127533727
1421127533746
1421127533769
1421127533786
1421127533807
1421127533824
1421127533844
1421127533862
1421127533879
1421127533900
1421127533917
1421127533935
1421127533956
1421127533973
1421127533994
1421127534014
1421127534028
1421127534044
1421127534065
1421127534086
1421127534103
1421127534147
1421127534191
1421127533407
1421127533416
1421127533437
1421127533447
1421127533457
1421127533472
1421127533481
1421127533492
1421127533500
1421127533501
1421127533516
1421127533523
1421127533535
1421127533549
1421127533573
1421127533600
1421127533611
1421127533627
1421127533638
1421127533643
1421127533652
1421127533670
1421127533677
1421127533685
1421127533693
1421127533697
1421127533709
1421127533718
1421127533727
1421127533738
1421127533747
1421127533761
1421127533770
1421127533778
1421127533786
1421127533787
1421127533795
1421127533803
1421127533812
1421127533823
1421127533832
1421127533841
1421127533851
1421127533863
1421127533872
1421127533879
1421127533890
1421127533901
1421127533910
1421127533918
1421127533923
1421127533935
1421127533947
1421127533955
1421127533964
1421127533973
1421127533985
1421127533992
1421127534003
1421127534013
1421127534021
1421127534030
1421127534039
1421127534047
1421127534059
1421127534069
1421127534074
1421127534085
1421127534094
1421127534102
1421127534115
1421127534126
1421127534127
1421127534139
1421127534147
1421127534155
1421127534166
1421127534180
1421127534191
1421127534199
1421127534205
1421127534215
1421127534227
1421127534241
1421127534250
1421127534263
1421127534276
1421127534284
1421127534292
1421127534305
1421127534315
1421127534324
1421127534345
1421127534354
1421127534378
1421127534409
1421127534427
1421127534444
1421127534454
1421127534462
1421127534484
1421127533446
1421127533456
1421127533483
1421127533513
1421127533547
1421127533559
1421127533576
1421127533588
1421127533597
1421127533611
1421127533628
1421127533638
1421127533646
1421127533654
1421127533670
1421127533677
1421127533686
1421127533692
1421127533697
1421127533705
1421127533716
1421127533727
1421127533738
1421127533746
1421127533758
1421127533769
1421127533778
1421127533784
1421127533792
1421127533803
1421127533816
1421127533823
1421127533832
1421127533844
1421127533849
1421127533862
1421127533870
1421127533881
1421127533882
1421127533888
1421127533901
1421127533908
1421127533917
1421127533927
1421127533934
1421127533946
1421127533955
1421127533965
1421127533974
1421127533985
1421127533991
1421127534003
1421127534012
1421127534021
1421127534030
1421127534039
1421127534045
1421127534059
1421127534064
1421127534073
1421127534085
1421127534094
1421127534099
1421127534112
1421127534126
1421127534139
1421127534147
1421127534157
1421127534168
1421127534177
1421127534188
1421127534199
1421127534208
1421127534214
1421127534228
1421127534241
1421127534248
1421127534263
1421127534276
1421127534284
1421127534294
1421127534295
1421127534304
1421127534315
1421127534325
1421127534335
1421127534345
1421127534351
1421127534359
1421127534371
1421127534382
1421127534392
1421127534399
1421127534408
1421127534417
1421127534424
1421127534441
1421127534484
1421127534494
1421127534512
1421127534549
1421127533646
1421127533654
1421127533666
1421127533678
1421127533687
1421127533692
1421127533699
1421127533718
1421127533727
1421127533744
1421127533758
1421127533775
1421127533788
1421127533795
1421127533805
1421127533814
1421127533824
1421127533843
1421127533859
1421127533874
1421127533881
1421127533890
1421127533901
1421127533909
1421127533917
1421127533926
1421127533936
1421127533943
1421127533955
1421127533963
1421127533973
1421127533985
1421127533994
1421127534004
1421127534013
1421127534021
1421127534030
1421127534039
1421127534047
1421127534059
1421127534068
1421127534075
1421127534076
1421127534082
1421127534094
1421127534102
1421127534112
1421127534124
1421127534138
1421127534147
1421127534157
1421127534164
1421127534179
1421127534191
1421127534201
1421127534208
1421127534218
1421127534224
1421127534236
1421127534248
1421127534263
1421127534276
1421127534284
1421127534294
1421127534305
1421127534316
1421127534323
1421127534332
1421127534333
1421127534346
1421127534354
1421127534362
1421127534371
1421127534383
1421127534392
1421127534397
1421127534409
1421127534417
1421127534426
1421127534436
1421127534444
1421127534454
1421127534462
1421127534475
1421127534484
1421127534494
1421127534502
1421127534515
1421127534523
1421127534531
1421127534549
1421127534560
1421127534608
1421127534616
1421127534657
1421127534683
1421127534690
1421127534702
1421127534741
1421127534750
1421127534759
1421127534115
1421127534126
1421127534139
1421127534144
1421127534172
1421127534177
1421127534191
1421127534201
1421127534210
1421127534218
1421127534228
1421127534240
1421127534250
1421127534263
1421127534275
1421127534284
1421127534293
1421127534306
1421127534315
1421127534325
1421127534335
1421127534345
1421127534354
1421127534362
1421127534371
1421127534381
1421127534391
1421127534399
1421127534408
1421127534418
1421127534426
1421127534435
1421127534444
1421127534454
1421127534462
1421127534475
1421127534484
1421127534493
1421127534499
1421127534515
1421127534522
1421127534530
1421127534537
1421127534547
1421127534558
1421127534568
1421127534576
1421127534577
1421127534588
1421127534596
1421127534609
1421127534618
1421127534625
1421127534638
1421127534647
1421127534659
1421127534668
1421127534683
1421127534692
1421127534700
1421127534710
1421127534720
1421127534731
1421127534741
1421127534742
1421127534747
1421127534757
1421127534766
1421127534775
1421127534782
1421127534795
1421127534804
1421127534815
1421127534827
1421127534837
1421127534844
1421127534851
1421127534861
1421127534869
1421127534876
1421127534888
1421127534897
1421127534905
1421127534917
1421127534925
1421127534938
1421127534948
1421127534959
1421127534968
1421127534969
1421127534976
1421127534985
1421127534993
1421127535001
1421127535010
1421127535018
1421127535024
1421127535035
1421127535036
1421127535059
1421127535113
1421127534315
1421127534336
1421127534362
1421127534370
1421127534391
1421127534399
1421127534418
1421127534435
1421127534475
1421127534484
1421127534494
1421127534502
1421127534514
1421127534524
1421127534531
1421127534540
1421127534549
1421127534557
1421127534568
1421127534577
1421127534584
1421127534599
1421127534608
1421127534616
1421127534617
1421127534630
1421127534637
1421127534648
1421127534655
1421127534664
1421127534680
1421127534687
1421127534697
1421127534710
1421127534719
1421127534730
1421127534742
1421127534748
1421127534756
1421127534768
1421127534776
1421127534784
1421127534795
1421127534804
1421127534815
1421127534827
1421127534836
1421127534844
1421127534852
1421127534865
1421127534869
1421127534876
1421127534888
1421127534897
1421127534909
1421127534918
1421127534928
1421127534935
1421127534945
1421127534958
1421127534965
1421127534976
1421127534985
1421127534993
1421127535002
1421127535003
1421127535010
1421127535018
1421127535026
1421127535034
1421127535047
1421127535059
1421127535067
1421127535074
1421127535083
1421127535084
1421127535095
1421127535111
1421127535119
1421127535130
1421127535136
1421127535146
1421127535156
1421127535165
1421127535181
1421127535182
1421127535210
1421127535220
1421127535229
1421127535237
1421127535247
1421127535260
1421127535268
1421127535277
1421127535287
1421127535297
1421127535307
1421127535321
1421127535339
1421127535349
1421127535361
1421127534424
1421127534432
1421127534452
1421127534459
1421127534476
1421127534503
1421127534520
1421127534528
1421127534539
1421127534557
1421127534565
1421127534577
1421127534583
1421127534598
1421127534605
1421127534617
1421127534625
1421127534637
1421127534650
1421127534658
1421127534667
1421127534683
1421127534690
1421127534701
1421127534702
1421127534708
1421127534717
1421127534732
1421127534742
1421127534751
1421127534759
1421127534768
1421127534776
1421127534785
1421127534797
1421127534807
1421127534815
1421127534826
1421127534834
1421127534844
1421127534854
1421127534861
1421127534872
1421127534879
1421127534888
1421127534896
1421127534911
1421127534917
1421127534925
1421127534939
1421127534947
1421127534959
1421127534968
1421127534969
1421127534976
1421127534985
1421127534993
1421127535001
1421127535008
1421127535018
1421127535023
1421127535024
1421127535035
1421127535047
1421127535059
1421127535068
1421127535077
1421127535084
1421127535093
1421127535107
1421127535121
1421127535130
1421127535137
1421127535144
1421127535158
1421127535166
1421127535181
1421127535191
1421127535201
1421127535211
1421127535221
1421127535227
1421127535237
1421127535250
1421127535256
1421127535265
1421127535275
1421127535285
1421127535298
1421127535309
1421127535317
1421127535330
1421127535337
1421127535349
1421127535357
1421127535373
1421127535382
1421127535453
1421127535475
1421127535484
1421127535517
1421127533666
1421127533699
1421127533717
1421127533736
1421127533755
1421127533778
1421127533795
1421127533814
1421127533834
1421127533854
1421127533870
1421127533890
1421127533910
1421127533926
1421127533943
1421127533963
1421127533985
1421127534003
1421127534022
1421127534037
1421127534058
1421127534078
1421127534091
1421127534112
1421127534139
1421127534157
1421127534179
1421127534180
1421127534199
1421127534217
1421127534240
1421127534266
1421127534286
1421127534305
1421127534326
1421127534345
1421127534363
1421127534382
1421127534399
1421127534415
1421127534435
1421127534454
1421127534472
1421127534473
1421127534491
1421127534515
1421127534532
1421127534550
1421127534568
1421127534587
1421127534608
1421127534625
1421127534646
1421127534664
1421127534691
1421127534708
1421127534732
1421127534751
1421127534768
1421127534785
1421127534802
1421127534827
1421127534842
1421127534860
1421127534879
1421127534899
1421127534915
1421127534935
1421127534959
1421127534976
1421127534994
1421127535010
1421127535027
1421127535047
1421127535067
1421127535083
1421127535111
1421127535127
1421127535147
1421127535173
1421127535174
1421127535194
1421127535210
1421127535227
1421127535247
1421127535267
1421127535289
1421127535310
1421127535330
1421127535349
1421127535373
1421127535394
1421127535415
1421127535435
1421127535452
1421127535473
1421127535491
1421127535506
1421127535527
1421127535544
1421127535614
1421127534532
1421127534541
1421127534569
1421127534578
1421127534588
1421127534600
1421127534629
1421127534637
1421127534647
1421127534667
1421127534711
1421127534719
1421127534734
1421127534759
1421127534768
1421127534776
1421127534782
1421127534794
1421127534804
1421127534811
1421127534825
1421127534835
1421127534844
1421127534850
1421127534860
1421127534870
1421127534876
1421127534889
1421127534899
1421127534910
1421127534918
1421127534929
1421127534938
1421127534947
1421127534959
1421127534967
1421127534976
1421127534985
1421127534994
1421127535002
1421127535010
1421127535018
1421127535026
1421127535034
1421127535047
1421127535059
1421127535065
1421127535075
1421127535088
1421127535095
1421127535106
1421127535121
1421127535127
1421127535135
1421127535144
1421127535156
1421127535166
1421127535181
1421127535194
1421127535202
1421127535210
1421127535220
1421127535229
1421127535238
1421127535250
1421127535258
1421127535270
1421127535278
1421127535288
1421127535302
1421127535307
1421127535316
1421127535330
1421127535339
1421127535350
1421127535358
1421127535374
1421127535383
1421127535393
1421127535406
1421127535415
1421127535424
1421127535435
1421127535453
1421127535466
1421127535473
1421127535482
1421127535489
1421127535501
1421127535509
1421127535517
1421127535527
1421127535541
1421127535551
1421127535567
1421127535589
1421127535603
1421127535614
1421127535624
1421127535632
1421127535641
