1421127767714
1421127767721
1421127767726
1421127767734
1421127767713
1421127767720
1421127767725
1421127767718
1421127767724
1421127767725
1421127767714
1421127767719
1421127767725
1421127767729
1421127767733
1421127767718
1421127767716
1421127767721
1421127767730
1421127767715
1421127767721
1421127767715
1421127767722
1421127767717
1421127767728
1421127767732
1421127767714
1421127767719
1421127767715
1421127767727
1421127767734
1421127767714
1421127767715
1421127767719
1421127767716
1421127767713
1421127767719
