1421127613081
1421127613087
1421127613092
1421127613098
1421127613111
1421127613122
1421127613128
1421127613131
1421127613132
1421127613135
1421127613140
1421127613144
1421127613148
1421127613153
1421127613157
1421127613161
1421127613164
1421127613168
1421127613171
1421127613175
1421127613180
1421127613184
1421127613188
1421127613192
1421127613195
1421127613199
1421127613202
1421127613206
1421127613210
1421127613214
1421127613218
1421127613223
1421127613227
1421127613231
1421127613232
1421127613235
1421127613239
1421127613243
1421127613247
1421127613252
1421127613257
1421127613263
1421127613268
1421127613272
1421127613273
1421127613276
1421127613282
1421127613286
1421127613290
1421127613297
1421127613301
1421127613305
1421127613310
1421127613314
1421127613317
1421127613321
1421127613325
1421127613329
1421127613332
1421127613336
1421127613340
1421127613344
1421127613348
1421127613352
1421127613357
1421127613361
1421127613368
1421127613372
1421127613377
1421127613382
1421127613386
1421127613390
1421127613394
1421127613398
1421127613401
1421127613408
1421127613412
1421127613416
1421127613422
1421127613426
1421127613430
1421127613431
1421127613435
1421127613439
1421127613443
1421127613447
1421127613451
1421127613456
1421127613459
1421127613463
1421127613466
1421127613467
1421127613471
1421127613475
1421127613481
1421127613487
1421127613493
1421127613496
1421127613501
1421127613505
1421127613509
1421127613087
1421127613093
1421127613098
1421127613111
1421127613122
1421127613127
1421127613131
1421127613136
1421127613139
1421127613148
1421127613161
1421127613164
1421127613168
1421127613172
1421127613175
1421127613179
1421127613188
1421127613191
1421127613195
1421127613199
1421127613202
1421127613206
1421127613210
1421127613214
1421127613218
1421127613223
1421127613227
1421127613231
1421127613235
1421127613239
1421127613243
1421127613247
1421127613252
1421127613257
1421127613262
1421127613268
1421127613272
1421127613276
1421127613281
1421127613286
1421127613291
1421127613296
1421127613301
1421127613306
1421127613310
1421127613314
1421127613318
1421127613321
1421127613325
1421127613329
1421127613332
1421127613336
1421127613340
1421127613344
1421127613349
1421127613352
1421127613357
1421127613362
1421127613369
1421127613372
1421127613377
1421127613382
1421127613386
1421127613390
1421127613394
1421127613398
1421127613402
1421127613407
1421127613412
1421127613417
1421127613423
1421127613426
1421127613430
1421127613435
1421127613439
1421127613444
1421127613447
1421127613451
1421127613455
1421127613459
1421127613463
1421127613466
1421127613471
1421127613475
1421127613481
1421127613488
1421127613772
1421127613775
1421127613783
1421127613789
1421127613792
1421127613803
1421127613814
1421127613823
1421127613832
1421127613846
1421127613853
1421127613867
1421127613883
1421127613884
1421127613891
1421127613509
1421127613514
1421127613517
1421127613521
1421127613525
1421127613528
1421127613533
1421127613537
1421127613540
1421127613544
1421127613545
1421127613548
1421127613553
1421127613558
1421127613562
1421127613566
1421127613572
1421127613578
1421127613582
1421127613586
1421127613590
1421127613595
1421127613600
1421127613604
1421127613611
1421127613614
1421127613618
1421127613622
1421127613627
1421127613632
1421127613635
1421127613639
1421127613643
1421127613647
1421127613651
1421127613654
1421127613659
1421127613663
1421127613667
1421127613671
1421127613675
1421127613679
1421127613683
1421127613688
1421127613691
1421127613695
1421127613699
1421127613704
1421127613708
1421127613711
1421127613715
1421127613719
1421127613723
1421127613728
1421127613732
1421127613736
1421127613740
1421127613744
1421127613749
1421127613752
1421127613755
1421127613759
1421127613763
1421127613767
1421127613772
1421127613775
1421127613779
1421127613783
1421127613786
1421127613789
1421127613792
1421127613795
1421127613800
1421127613803
1421127613808
1421127613814
1421127613824
1421127613831
1421127613839
1421127613846
1421127613853
1421127613860
1421127613869
1421127613877
1421127613884
1421127613891
1421127613902
1421127613910
1421127613922
1421127613930
1421127613937
1421127613938
1421127613945
1421127613953
1421127613960
1421127613969
1421127613977
1421127613985
1421127613993
1421127614002
1421127614011
