1421127507237
1421127507244
1421127507252
1421127507259
1421127507264
1421127507249
1421127507255
1421127507238
1421127507245
1421127507258
1421127507248
1421127521287
1421127521301
1421127521332
1421127521365
1421127521393
1421127521288
1421127521321
1421127521336
1421127521284
1421127521299
1421127521314
1421127521315
1421127521364
1421127521393
1421127521414
1421127521448
1421127521468
1421127521483
1421127521511
1421127521287
1421127521302
1421127521317
1421127521333
1421127521353
1421127521369
1421127521402
1421127521403
1421127521435
1421127521469
1421127521503
1421127521512
1421127521532
1421127521563
1421127521597
1421127521628
1421127521642
1421127521648
1421127521663
1421127521674
1421127521685
1421127521695
1421127521719
1421127521748
1421127521767
1421127521800
1421127521823
1421127521849
1421127521879
1421127521291
1421127521307
1421127521324
1421127521339
1421127521356
1421127521370
1421127521384
1421127521404
1421127521420
1421127521442
1421127521460
1421127521474
1421127521489
1421127521504
1421127521518
1421127521532
1421127521551
1421127521564
1421127521587
1421127521602
1421127521622
1421127521632
1421127521652
1421127521678
1421127521699
1421127521710
1421127521722
1421127521736
1421127521750
1421127521760
1421127521773
1421127521788
1421127521803
1421127521815
1421127521826
1421127521840
1421127521852
1421127521868
1421127521883
1421127521897
1421127521334
1421127521349
1421127521434
1421127521467
1421127521541
1421127521286
1421127521302
1421127521320
1421127521368
1421127521381
1421127521417
1421127521290
1421127521306
1421127521321
1421127521336
1421127521373
1421127521383
1421127521407
1421127521421
1421127521441
1421127521453
1421127521478
1421127521490
1421127521502
1421127521503
1421127521519
1421127521535
1421127521548
1421127521288
1421127521320
1421127521335
1421127521384
1421127521452
1421127521488
1421127521583
1421127521613
1421127521667
1421127521686
1421127521707
1421127521738
1421127521785
1421127521814
1421127521837
1421127521865
1421127521330
1421127521347
1421127521469
1421127521496
1421127521526
1421127521303
1421127521304
1421127521355
1421127521419
1421127521516
1421127521546
1421127521641
1421127521758
1421127521897
1421127521288
1421127521302
1421127521320
1421127521337
1421127521355
1421127521385
1421127521399
1421127521439
1421127521476
1421127521500
1421127521531
1421127521562
1421127521597
1421127521628
1421127521651
1421127521675
1421127521695
1421127521717
1421127521746
1421127521766
1421127521795
1421127521822
1421127521850
1421127521879
1421127521290
1421127521305
1421127521318
1421127521334
1421127521349
1421127521367
1421127521380
1421127521402
1421127521403
1421127521420
1421127521439
1421127521450
1421127521473
1421127521490
1421127521498
1421127521514
1421127521529
1421127521545
1421127521561
1421127521581
1421127521599
1421127521614
1421127521628
1421127521641
1421127521649
1421127521664
1421127521674
1421127521685
1421127521696
1421127521709
1421127521719
1421127521735
1421127521745
1421127521759
1421127521766
1421127521780
1421127521795
1421127521810
1421127521825
1421127521848
1421127521880
1421127521301
1421127521319
1421127521439
1421127521471
1421127521285
1421127521299
1421127521316
1421127521329
1421127521346
1421127521377
1421127521413
1421127521414
1421127521448
1421127521468
1421127521483
1421127521509
1421127521527
1421127521541
1421127521287
1421127521337
1421127521371
1421127521404
1421127521499
1421127521531
1421127521566
1421127521314
1421127521345
1421127521411
1421127521285
1421127521299
1421127521316
1421127521331
1421127521346
1421127521364
1421127521377
1421127521394
1421127521413
1421127521430
1421127521466
1421127521496
1421127521526
1421127521287
1421127521302
1421127521331
1421127521350
1421127521364
1421127521378
1421127521394
1421127521416
1421127521433
1421127521470
1421127521486
1421127521513
1421127521543
1421127521560
1421127521748
1421127521749
1421127521834
1421127521835
1421127521864
1421127521895
1421127521320
1421127521355
1421127521386
1421127521285
1421127521303
1421127521316
1421127521333
1421127521353
1421127521369
1421127521379
1421127521401
1421127521416
1421127521431
1421127521467
1421127521497
1421127521528
1421127521564
1421127521378
1421127521451
1421127521295
1421127521309
1421127521325
1421127521343
1421127521373
1421127521401
1421127521426
1421127521475
1421127521492
1421127521522
1421127521553
1421127521575
1421127521588
1421127521603
1421127521619
1421127521632
1421127521642
1421127521655
1421127521667
1421127521677
1421127521688
1421127521699
1421127521710
1421127521722
1421127521739
1421127521749
1421127521760
1421127521788
1421127521801
1421127521826
1421127521873
1421127521886
1421127521897
1421127521285
1421127521300
1421127521316
1421127521331
1421127521349
1421127521365
1421127521395
1421127521415
1421127521432
1421127521485
1421127521512
1421127521541
1421127521293
1421127521309
1421127521326
1421127521341
1421127521358
1421127521372
1421127521386
1421127521444
1421127521553
1421127521291
1421127521343
1421127521359
1421127521370
1421127521385
1421127521400
1421127521443
1421127521461
1421127521474
1421127521505
1421127521537
1421127521573
1421127521600
1421127521630
1421127521651
1421127521652
1421127521674
1421127521696
1421127521719
1421127521748
1421127521770
1421127521800
1421127521815
1421127521822
1421127521838
1421127521857
1421127521884
1421127521292
1421127521322
1421127521339
1421127521386
1421127521550
1421127521867
1421127521295
1421127521311
1421127521325
1421127521339
1421127521355
1421127521371
1421127521410
1421127521421
1421127521441
1421127521458
1421127521491
1421127521519
1421127521588
1421127521621
1421127521642
1421127521668
1421127521689
1421127521710
1421127521736
1421127521760
1421127521788
1421127521814
1421127521840
1421127521901
