1421127674627
1421127674644
1421127674653
1421127674662
1421127674671
1421127674682
1421127674691
1421127674700
1421127674709
1421127674719
1421127674727
1421127674737
1421127674748
1421127674757
1421127674766
1421127674776
1421127674784
1421127674794
1421127674804
1421127674812
1421127674821
1421127674836
1421127674846
1421127674855
1421127674856
1421127674863
1421127674870
1421127674876
1421127674882
1421127674889
1421127674900
1421127674907
1421127674915
1421127674923
1421127674929
1421127674939
1421127674948
1421127674955
1421127674963
1421127674971
1421127674982
1421127674992
1421127675008
1421127675015
1421127675022
1421127675026
1421127675031
1421127675035
1421127675040
1421127675044
1421127675049
1421127675053
1421127675056
1421127675061
1421127675069
1421127675074
1421127675078
1421127675083
1421127675087
1421127675093
1421127675098
1421127675104
1421127675108
1421127675109
1421127675112
1421127675116
1421127675123
1421127675127
1421127675131
1421127675134
1421127675140
1421127675144
1421127675147
1421127675151
1421127675155
1421127675159
1421127675163
1421127675168
1421127675172
1421127675176
1421127675182
1421127675187
1421127675193
1421127675202
1421127675207
1421127675212
1421127675213
1421127675218
1421127675223
1421127675229
1421127675233
1421127675239
1421127675244
1421127675249
1421127675256
1421127675262
1421127675269
1421127675274
1421127675282
1421127675287
1421127675302
1421127674654
1421127674662
1421127674691
1421127674700
1421127674737
1421127674794
1421127674804
1421127674812
1421127674821
1421127674836
1421127674845
1421127674855
1421127674863
1421127674870
1421127674876
1421127674882
1421127674889
1421127674900
1421127674907
1421127674916
1421127674923
1421127674929
1421127674938
1421127674948
1421127674955
1421127674964
1421127674972
1421127674984
1421127674992
1421127675007
1421127675016
1421127675021
1421127675027
1421127675030
1421127675035
1421127675039
1421127675044
1421127675049
1421127675053
1421127675056
1421127675061
1421127675069
1421127675074
1421127675078
1421127675084
1421127675088
1421127675094
1421127675099
1421127675103
1421127675107
1421127675112
1421127675116
1421127675123
1421127675126
1421127675131
1421127675134
1421127675140
1421127675143
1421127675147
1421127675151
1421127675155
1421127675160
1421127675164
1421127675168
1421127675172
1421127675177
1421127675182
1421127675188
1421127675193
1421127675202
1421127675209
1421127675212
1421127675218
1421127675223
1421127675229
1421127675233
1421127675238
1421127675244
1421127675249
1421127675256
1421127675262
1421127675269
1421127675274
1421127675281
1421127675287
1421127675291
1421127675296
1421127675302
1421127675307
1421127675312
1421127675317
1421127675322
1421127675326
1421127675333
1421127675338
1421127675342
1421127675369
1421127675378
1421127675390
1421127675401
1421127675416
1421127674676
1421127674687
1421127674696
1421127674706
1421127674715
1421127674723
1421127674762
1421127674772
1421127674781
1421127674808
1421127674817
1421127674841
1421127674850
1421127674860
1421127674865
1421127674879
1421127674887
1421127674898
1421127674905
1421127674911
1421127674920
1421127674926
1421127674935
1421127674943
1421127674952
1421127674953
1421127674961
1421127674968
1421127674977
1421127674988
1421127675003
1421127675012
1421127675019
1421127675024
1421127675028
1421127675033
1421127675037
1421127675042
1421127675046
1421127675051
1421127675055
1421127675059
1421127675067
1421127675073
1421127675077
1421127675082
1421127675086
1421127675091
1421127675097
1421127675102
1421127675105
1421127675110
1421127675114
1421127675119
1421127675125
1421127675129
1421127675133
1421127675137
1421127675142
1421127675145
1421127675149
1421127675154
1421127675157
1421127675161
1421127675166
1421127675170
1421127675174
1421127675180
1421127675185
1421127675190
1421127675191
1421127675200
1421127675205
1421127675211
1421127675216
1421127675221
1421127675226
1421127675231
1421127675236
1421127675241
1421127675247
1421127675252
1421127675259
1421127675267
1421127675272
1421127675279
1421127675284
1421127675289
1421127675294
1421127675299
1421127675304
1421127675309
1421127675315
1421127675320
1421127675324
1421127675329
1421127675345
1421127675360
1421127675382
1421127675408
1421127675433
