1421127513755
1421127513773
1421127513812
1421127513790
1421127513813
1421127513786
1421127513757
1421127513774
1421127513754
1421127513770
1421127513821
1421127513822
1421127513855
1421127513872
1421127513756
1421127513771
1421127513763
1421127513778
1421127513816
1421127513786
1421127513810
1421127513842
1421127513873
1421127513788
1421127513811
1421127513754
1421127513769
1421127513809
1421127513822
1421127513841
1421127513855
1421127513754
1421127513773
1421127513794
1421127513812
1421127513760
1421127513776
1421127513792
1421127513827
1421127513845
1421127513861
1421127513867
1421127513872
1421127513756
1421127513781
1421127513810
1421127513791
1421127513767
1421127513783
1421127513817
1421127513760
1421127513779
1421127513805
1421127513758
1421127513775
1421127513812
1421127513757
1421127513773
1421127513845
1421127513867
1421127513790
1421127513813
1421127513758
1421127513778
1421127513762
1421127513779
1421127513833
1421127513859
1421127513873
1421127513790
