timestamp;utility
1;135
2;330
3;390
4;520
5;345
6;525
7;495
8;525
9;570
10;570
11;630
12;705
13;595
14;670
15;695
16;740
17;815
18;650
19;795
20;695
21;720
22;855
23;845
24;745
25;725
26;520
27;485
28;915
29;830
30;760
31;815
32;765
33;820
34;845
35;835
36;805
37;825
38;710
39;1005
40;805
41;760
42;835
43;800
44;640
45;750
46;815
47;865
48;855
49;1335
50;1990
51;1645
52;1690
53;1830
54;1595
55;2070
56;1850
57;1880
58;2100
59;1725
60;2375
61;1530
62;1010
63;1955
64;2475
65;2195
66;2010
67;2985
68;1845
69;2470
70;2355
71;2660
72;2275
73;855
74;4385
75;2630
76;2660
77;2630
78;2220
79;2735
80;1995
81;2470
82;2350
83;2635
84;2310
85;3170
86;2445
87;2045
88;2715
89;2790
90;2745
91;2750
92;1555
93;2465
94;3195
95;2550
96;2570
