timepoint;u_mean;u_median;u_sum;a_mean;a_median;a_sum;m_mean;m_median;m_sum
1;373.215;197.295;3732.15;193.66;102;1936.6;131.818809523809;70.125;1318.18809523809
2;426.118;417.345;4261.18;221.86;219.5;2218.6;176.438611111111;189.2125;1764.38611111111
3;357.653000000002;121.6;3576.53000000002;185.88;63.5;1858.8;155.723214285714;61.9166666666667;1557.23214285714
4;365.929000000002;105.62;3659.29000000002;190.28;55;1902.8;159.3825;55;1593.825
5;377.463000000002;105.62;3774.63000000002;196.5;55;1965;169.775277777778;55;1697.75277777778
6;370.364000000002;105.62;3703.64000000002;192.4;55;1924;165.435992063492;55;1654.35992063492
7;405.655000000002;105.62;4056.55000000002;210.8;55;2108;179.311031746032;55;1793.11031746032
8;408.028000000002;105.62;4080.28000000002;211.8;55;2118;180.736865079365;55;1807.36865079365
9;419.176000000001;105.62;4191.76000000001;217.8;55;2178;185.310674603175;55;1853.10674603175
10;441.848;105.62;4418.48;229.5;55;2295;194.501428571428;55;1945.01428571428
11;434.841;105.62;4348.41;225.9;55;2259;191.298293650793;55;1912.98293650793
12;438.17;105.62;4381.7;227.7;55;2277;192.768571428571;55;1927.68571428571
13;437.688000000002;105.62;4376.88000000002;227.5;55;2275;192.517023809523;55;1925.17023809523
14;439.140000000002;105.62;4391.40000000002;228;55;2280;193.367619047618;55;1933.67619047618
15;469.297;105.62;4692.97;243.7;55;2437;206.020912698411;55;2060.20912698411
16;371.285000000002;105.62;3712.85000000002;192.7;55;1927;165.477817460317;55;1654.77817460317
17;386.716000000002;105.62;3867.16000000002;200.8;55;2008;171.833412698412;55;1718.33412698412
18;350.234000000002;105.62;3502.34000000002;182;55;1820;156.511706349207;55;1565.11706349207
19;401.395000000002;105.62;4013.95000000002;208.6;55;2086;177.797738095238;55;1777.97738095238
20;403.595000000002;105.62;4035.95000000002;210.3;55;2103;178.432936507937;55;1784.32936507937
21;410.110000000001;105.62;4101.10000000001;213.6;55;2136;181.129404761903;55;1811.29404761903
22;409.967;105.62;4099.67;213.5;55;2135;180.725634920633;55;1807.25634920633
23;313.625;105.62;3136.25;162.9;55;1629;140.755317460318;55;1407.55317460318
24;361.977;174.41;3619.77;187.8;90.5;1878;155.880753968254;74.2369047619048;1558.80753968254
25;403.061000000002;152.785;4030.61000000002;210.5;80;2105;179.923650793651;80;1799.23650793651
26;417.652000000003;146.005;4176.52000000003;217.6;76.5;2176;185.617896825396;76.5;1856.17896825396
27;401.183000000002;146.005;4011.83000000002;208.9;76.5;2089;178.881825396825;76.5;1788.81825396825
28;397.762000000002;146.005;3977.62000000002;207.2;76.5;2072;177.329285714285;76.5;1773.29285714285
29;384.084000000002;146.005;3840.84000000002;200;76.5;2000;171.854325396825;76.5;1718.54325396825
30;467.427000000003;146.005;4674.27000000003;243;76.5;2430;205.608055555555;76.5;2056.08055555555
31;386.134000000002;146.005;3861.34000000002;200.9;76.5;2009;173.384325396825;76.5;1733.84325396825
32;418.800000000003;146.005;4188.00000000003;218.1;76.5;2181;186.54861111111;76.5;1865.4861111111
33;505.185000000002;227.86;5051.85000000002;263.25;118.5;2632.5;220.852579365078;118.5;2208.52579365078
34;342.513;153.81;3425.13;177.9;80;1779;155.716587301587;80;1557.16587301587
35;300.774;153.81;3007.74;156;80;1560;138.121626984127;80;1381.21626984127
36;335.573;153.81;3355.73;174.2;80;1742;152.324722222222;80;1523.24722222222
37;393.567000000002;155.61;3935.67000000002;204.9;82.5;2049;176.631150793651;81.2976190476191;1766.31150793651
38;438.956000000001;227.86;4389.56000000001;228.975;118.5;2289.75;193.459166666667;118.5;1934.59166666667
39;464.441000000002;227.86;4644.41000000002;242.5;118.5;2425;207.184920634921;118.5;2071.84920634921
40;714.915000000002;319.735;7149.15000000002;374.98;165.5;3749.8;309.740119047618;155.2625;3097.40119047618
41;771.498000000002;331.08;7714.98000000002;403.975;171.5;4039.75;331.132380952381;163.053571428572;3311.32380952381
42;861.359000000001;269.760000000001;8613.59000000001;451.7;140;4517;370.953809523809;129.7625;3709.53809523809
43;881.779000000002;278.370000000001;8817.79000000002;461.5;144.5;4615;381.145396825397;133.325;3811.45396825397
44;978.154999999999;268.810000000001;9781.54999999999;510.4;139.5;5104;413.744246031747;129.3875;4137.44246031747
45;894.071000000003;282.905;8940.71000000003;465.8;147;4658;385.852063492065;134.304166666667;3858.52063492065
46;940.765000000001;361.64;9407.65000000001;490.2;188.5;4902;406.807341269843;168.395833333333;4068.07341269843
47;1074.74;588.910000000001;10747.4;560.5;304.5;5605;460.540952380952;249.136904761905;4605.40952380952
48;1034.024;523.870000000001;10340.24;539.2;272.5;5392;446.108730158731;234.050000000001;4461.08730158731
49;981.802000000003;381.620000000001;9818.02000000003;512.1;199;5121;424.067063492065;171.6375;4240.67063492065
50;985.499000000005;382.695000000001;9854.99000000005;513.7;199.5;5137;425.450436507937;172.158333333334;4254.50436507937
51;1020.27500000001;445.780000000001;10202.7500000001;532.1;233;5321;439.225317460318;199.507738095238;4392.25317460318
52;1104.78100000001;600.255000000001;11047.8100000001;578.2;309.5;5782;476.382936507937;263.88373015873;4763.82936507936
53;1453.58300000001;1492.25500000002;14535.8300000001;761.875;776.5;7618.75;612.258611111111;632.963888888891;6122.58611111111
54;1524.17500000001;1535.70000000002;15241.7500000001;799.3;799;7993;652.053730158727;651.642460317459;6520.53730158727
55;1646.616;1465.59000000002;16466.16;863.6;764.5;8636;699.919404761904;646.893452380956;6999.19404761904
56;1428.786;1065.95500000001;14287.86;749.6;554.5;7496;617.974484126982;452.951587301587;6179.74484126982
57;1334.47900000001;797.09;13344.7900000001;700.2;413.5;7002;578.284126984126;340.103968253969;5782.84126984126
58;1268.05500000001;803.785000000001;12680.5500000001;665.7;417;6657;550.787936507935;343.137301587302;5507.87936507935
59;1343.10600000001;818.170000000001;13431.0600000001;705.6;424.5;7056;582.899682539682;348.707936507936;5828.99682539682
60;1372.886;792.400000000001;13728.86;721.3;411;7213;595.882976190474;338.957142857143;5958.82976190474
61;1383.133;805.765000000001;13831.33;726.8;418;7268;599.931785714283;343.740476190476;5999.31785714283
62;1288.27400000001;871.245000000001;12882.7400000001;675;450.5;6750;559.830674603176;373.767063492064;5598.30674603176
63;1205.16700000001;868.025000000001;12051.6700000001;628.7;444.5;6287;527.858809523811;384.889285714287;5278.58809523811
64;1212.24100000001;848.310000000002;12122.4100000001;632.3;435;6323;530.208452380953;376.722619047619;5302.08452380953
65;1204.52500000001;862.085;12045.2500000001;628.4;442;6284;527.383769841272;383.038492063493;5273.83769841272
66;1205.98400000001;865.405;12059.8400000001;629.4;443.5;6294;528.312063492066;384.585317460318;5283.12063492066
67;1152.74000000001;883.120000000001;11527.4000000001;604;452.5;6040;506.03154761905;391.927380952381;5060.3154761905
68;1140.93200000001;899.595000000001;11409.3200000001;598;461;5980;501.595515873018;399.021031746032;5015.95515873018
69;1057.88222222223;860.440000000002;9520.94000000003;549.555555555556;443;4946;465.164858906527;370.892063492064;4186.48373015874
70;1064.43111111112;843.030000000001;9579.88000000004;553;434;4977;468.183465608467;363.538095238095;4213.6511904762
71;1073.62444444445;835.17;9662.62000000005;557.222222222222;430;5015;471.870326278661;359.86507936508;4246.83293650795
72;1105.1088888889;823.999999999999;9945.98000000006;573.777777777778;424;5164;485.114814814815;355.047619047619;4366.03333333334
73;1092.97111111111;798.629999999999;9836.74000000003;567.888888888889;411;5111;479.932186948855;343.939682539683;4319.3896825397
74;911.654999999999;623.600000000001;7293.23999999999;474.5;321;3796;403.00009920635;273.949801587302;3224.0007936508
75;925.078750000004;618.685000000002;7400.63000000003;481.375;318.5;3851;408.404166666668;271.492857142857;3267.23333333334
76;931.716250000005;632.370000000002;7453.73000000004;484.875;325.5;3879;411.692311507937;277.633531746032;3293.53849206349
77;887.690000000006;638.140000000002;7101.52000000005;461.75;328.5;3694;394.467956349209;280.112896825396;3155.74365079367
78;888.550000000003;647.880000000001;7108.40000000002;462.5;333.5;3700;395.04201388889;284.298412698413;3160.33611111112
79;898.752500000001;618.885;7190.02000000001;467.75;318.5;3742;399.519841269842;272.291865079365;3196.15873015874
80;858.017500000007;631.925000000002;6864.14000000005;446.875;325.5;3575;382.705505952381;277.463095238095;3061.64404761905
81;824.556250000006;618.59;6596.45000000005;429.5;318.5;3436;369.009722222223;272.002579365079;2952.07777777778
82;837.170000000003;630.900000000001;6697.36000000002;436.125;325;3489;374.023115079365;276.704960317461;2992.18492063492
83;842.315;618.635000000001;6738.52;438.625;318.5;3509;376.198313492062;271.662896825397;3009.5865079365
84;809.655000000006;627.630000000002;6477.24000000004;420.5;323;3364;362.175148809524;275.595833333334;2897.40119047619
85;788.801250000003;636.865000000001;6310.41000000002;409.875;328;3279;353.535119047619;279.427976190476;2828.28095238095
86;819.127500000002;615.735000000001;6553.02000000001;426;317;3408;367.267311507937;270.888888888889;2938.1384920635
87;842.627500000002;662.920000000001;6741.02000000001;437.875;343;3503;374.742658730159;283.177777777778;2997.94126984127
88;885.020000000003;973.555000000001;7080.16000000002;459.125;499.5;3673;392.583581349206;431.040873015873;3140.66865079365
89;911.207500000002;969.705000000001;7289.66000000001;472;497.5;3776;400.614831349205;429.614682539682;3204.91865079364
90;896.755000000002;978.825000000003;7174.04000000002;464.5;502;3716;400.009623015872;433.467063492062;3200.07698412698
91;889.055000000004;974.840000000002;7112.44000000003;460.625;500;3685;396.16359126984;431.801984126983;3169.30873015872
92;901.072500000003;1016.415;7208.58000000002;466.875;521.5;3735;402.130902777777;449.807539682539;3217.04722222222
93;872.488750000004;935.520000000001;6979.91000000003;452.25;480;3618;392.366121031745;415.259126984127;3138.92896825396
94;1035.57142857143;1228.78000000001;7249.00000000004;536.571428571429;628;3756;464.301190476189;549.940476190474;3250.10833333333
95;1025.72571428572;1244.38000000001;7180.08000000002;531.285714285714;636;3719;459.892176870747;555.883333333331;3219.24523809523
96;938.621666666671;1034.13;5631.73000000003;486.5;538;2919;423.358862433862;461.364682539682;2540.15317460317
97;958.678333333337;1025.01;5752.07000000002;498.666666666667;532;2992;434.074074074073;456.441468253968;2604.44444444444
98;975.406666666669;1090.38;5852.44000000001;509;578.5;3054;442.568121693121;505.899007936507;2655.40873015872
99;1024.42;1157.455;6146.52000000001;534.5;613;3207;459.779232804232;523.054563492065;2758.67539682539
100;1244.39500000001;1218.135;7466.37000000003;648.666666666667;629;3892;542.112566137566;548.655357142856;3252.67539682539
101;1204.75166666667;1154.51;7228.51000000004;628.666666666667;596.5;3772;535.062037037036;521.741666666665;3210.37222222222
102;1244.00166666668;1219.93000000001;7464.01000000005;649.166666666667;629.5;3895;552.621626984126;549.361904761902;3315.72976190475
103;1255.02166666667;1210.935;7530.13000000004;655;633.5;3930;556.829761904762;552.147619047617;3340.97857142857
104;1276.62666666668;1229.25000000001;7659.76000000005;666;643;3996;566.038029100527;559.877976190474;3396.22817460316
105;1435.61400000001;1313.63;7178.07000000003;749.6;689;3748;635.723253968252;597.616666666664;3178.61626984126
106;1405.93600000001;1327.45;7029.68000000004;734.2;696;3671;623.918333333332;603.402380952377;3119.59166666666
107;1269.924;1355.74;6349.62000000002;663;711;3315;568.260317460316;615.473809523807;2841.30158730158
108;1412.37800000001;1448.70000000001;7061.89000000004;737.2;760;3686;627.656269841268;655.88333333333;3138.28134920634
109;1480.25400000001;1414.88000000001;7401.27000000004;772.6;723;3863;654.703888888886;627.826190476186;3273.51944444443
110;1505.04800000001;1435.08000000001;7525.24000000005;785.8;733;3929;666.227619047617;636.854761904757;3331.13809523808
111;1289.65;1311.115;5158.60000000001;677;694;2708;577.944246031745;592.89126984127;2311.77698412698
112;1434.06250000001;1396.935;5736.25000000004;753;730.5;3012;637.294246031745;632.43095238095;2549.17698412698
113;1572.48500000001;1428.21000000001;6289.94000000003;825.25;747;3301;695.325496031746;646.350595238094;2781.30198412698
114;1516.01000000001;1394.905;6064.04000000004;795.75;729.5;3183;671.846924603173;632.090476190475;2687.38769841269
115;1543.48250000001;1399.48000000001;6173.93000000004;810;732;3240;683.578571428571;634.74226190476;2734.31428571428
116;1546.56000000001;1414.04;6186.24000000003;811.5;739.5;3246;684.995734126984;641.107738095236;2739.98293650793
117;1555.75;1208.31;4667.25000000001;816;630;2448;682.035714285715;549.295238095237;2046.10714285715
118;1535.20333333334;1175.78;4605.61000000002;805;613;2415;673.135449735448;535.086904761903;2019.40634920634
119;1590.33;1185.51;4770.99000000001;833.666666666667;618;2501;695.956349206347;539.772619047618;2087.86904761904
120;1607.85666666667;1200.72;4823.57;843.333333333333;626;2530;705.134788359789;546.413095238095;2115.40436507937
121;1074.97;1074.97;2149.94;557.5;557.5;1115;478.850595238095;478.850595238095;957.70119047619
122;1043.73;1043.73;2087.46;541.5;541.5;1083;465.663888888888;465.663888888888;931.327777777776
123;1045.695;1045.695;2091.39;542.5;542.5;1085;466.316468253968;466.316468253968;932.632936507936
124;1010.34;1010.34;2020.68;524;524;1048;450.980555555556;450.980555555556;901.961111111112
125;1070.995;1070.995;2141.99;555.5;555.5;1111;477.344246031746;477.344246031746;954.688492063492
126;1079.83;1079.83;2159.66;560;560;1120;481.167261904762;481.167261904762;962.334523809523
127;917.500000000002;917.500000000002;917.500000000002;473;473;473;399.396825396826;399.396825396826;399.396825396826
128;944.740000000001;944.740000000001;944.740000000001;487;487;487;411.055555555555;411.055555555555;411.055555555555
129;983.83;983.83;983.83;507;507;507;428.065079365079;428.065079365079;428.065079365079
130;1009.2;1009.2;1009.2;520;520;520;438.788888888888;438.788888888888;438.788888888888
131;927.650000000002;927.650000000002;927.650000000002;478;478;478;403.568253968254;403.568253968254;403.568253968254
132;957.050000000001;957.050000000001;957.050000000001;493;493;493;416.579365079364;416.579365079364;416.579365079364
133;997.999999999997;997.999999999997;997.999999999997;514;514;514;434.22380952381;434.22380952381;434.22380952381
134;993.879999999998;993.879999999998;993.879999999998;512;512;512;431.490476190476;431.490476190476;431.490476190476
135;995.549999999999;995.549999999999;995.549999999999;513;513;513;432.161904761906;432.161904761906;432.161904761906
136;974.200000000002;974.200000000002;974.200000000002;502;502;502;423.638095238095;423.638095238095;423.638095238095
137;968.210000000004;968.210000000004;968.210000000004;499;499;499;421.025396825396;421.025396825396;421.025396825396
138;979.510000000002;979.510000000002;979.510000000002;505;505;505;426.058730158729;426.058730158729;426.058730158729
