1421003043104
1421003043348
1421003043388
1421003043425
1421003043476
1421003043577
1421003043578
1421003043579
1421003043615
1421003043659
1421003043695
1421003043729
1421003043764
1421003043791
1421003043822
1421003043866
1421003043885
1421003043908
1421003043935
1421003043962
1421003043980
1421003043981
1421003043998
1421003044020
1421003044025
1421003044038
1421003044052
1421003044053
1421003044073
1421003044091
1421003044092
1421003044106
1421003044135
1421003044157
1421003044178
1421003044192
1421003044193
1421003044210
1421003044229
1421003044233
1421003044254
1421003044275
1421003044296
1421003044319
1421003044320
1421003044340
1421003044360
1421003044378
1421003044398
1421003044416
1421003044430
1421003044447
1421003044461
1421003044484
1421003044500
1421003044521
1421003044535
1421003044552
1421003044567
1421003044579
1421003044597
1421003044612
1421003044624
1421003044638
1421003044639
1421003044656
1421003044673
1421003044686
1421003044703
1421003044723
1421003044738
1421003044752
1421003044763
1421003044775
1421003044793
1421003044803
1421003044814
1421003044825
1421003044826
1421003044839
1421003044840
1421003044850
1421003044870
1421003044875
1421003044886
1421003044920
1421003044932
1421003044976
1421003045000
1421003045028
1421003045041
1421003045053
1421003045080
1421003045130
1421003045171
1421003045201
1421003045229
1421003045253
1421003045278
1421003045302
1421003045329
1421003044898
1421003044910
1421003044952
1421003044964
1421003044986
1421003045017
1421003045066
1421003045094
1421003045109
1421003045117
1421003045145
1421003045161
1421003045185
1421003045217
1421003045242
1421003045268
1421003045287
1421003045318
1421003045339
1421003045350
1421003045370
1421003045382
1421003045395
1421003045407
1421003045420
1421003045433
1421003045446
1421003045447
1421003045460
1421003045468
1421003045479
1421003045480
1421003045492
1421003045504
1421003045518
1421003045527
1421003045544
1421003045553
1421003045564
1421003045565
1421003045580
1421003045593
1421003045594
1421003045611
1421003045621
1421003045631
1421003045642
1421003045653
1421003045662
1421003045677
1421003045678
1421003045687
1421003045698
1421003045713
1421003045724
1421003045734
1421003045745
1421003045755
1421003045766
1421003045774
1421003045784
1421003045792
1421003045793
1421003045809
1421003045810
1421003045822
1421003045835
1421003045836
1421003045848
1421003045857
1421003045867
1421003045868
1421003045880
1421003045902
1421003045909
1421003045918
1421003045926
1421003045951
1421003045969
1421003045977
1421003045985
1421003045999
1421003046009
1421003046022
1421003046037
1421003046049
1421003046057
1421003046081
1421003046087
1421003046104
1421003046117
1421003046123
1421003046146
1421003046173
1421003046183
1421003046204
1421003046217
1421003046250
1421003046262
1421003046284
1421003046296
1421003045850
1421003045890
1421003046023
1421003046036
1421003046070
1421003046095
1421003046136
1421003046160
1421003046192
1421003046237
1421003046272
1421003046299
1421003046308
1421003046315
1421003046327
1421003046328
1421003046338
1421003046339
1421003046347
1421003046355
1421003046363
1421003046373
1421003046381
1421003046390
1421003046399
1421003046409
1421003046420
1421003046428
1421003046442
1421003046454
1421003046455
1421003046463
1421003046475
1421003046485
1421003046497
1421003046511
1421003046519
1421003046527
1421003046535
1421003046543
1421003046551
1421003046558
1421003046570
1421003046583
1421003046591
1421003046601
1421003046608
1421003046615
1421003046621
1421003046633
1421003046644
1421003046658
1421003046669
1421003046684
1421003046694
1421003046709
1421003046725
1421003046732
1421003046743
1421003046754
1421003046763
1421003046774
1421003046788
1421003046800
1421003046813
1421003046823
1421003046834
1421003046845
1421003046861
1421003046878
1421003046890
1421003046902
1421003046915
1421003046925
1421003046938
1421003046953
1421003046967
1421003046978
1421003046990
1421003047006
1421003047019
1421003047034
1421003047044
1421003047053
1421003047062
1421003047075
1421003047083
1421003047099
1421003047108
1421003047119
1421003047125
1421003047126
1421003047135
1421003047145
1421003047211
1421003047240
1421003047291
1421003047313
1421003047403
1421003047432
1421003047443
1421003047153
1421003047163
1421003047177
1421003047183
1421003047192
1421003047202
1421003047221
1421003047231
1421003047252
1421003047261
1421003047270
1421003047279
1421003047280
1421003047303
1421003047321
1421003047333
1421003047340
1421003047349
1421003047361
1421003047372
1421003047381
1421003047391
1421003047415
1421003047421
1421003047427
1421003047433
1421003047450
1421003047460
1421003047470
1421003047478
1421003047489
1421003047498
1421003047508
1421003047520
1421003047523
1421003047533
1421003047539
1421003047549
1421003047557
1421003047565
1421003047573
1421003047581
1421003047588
1421003047601
1421003047614
1421003047621
1421003047628
1421003047640
1421003047647
1421003047656
1421003047670
1421003047684
1421003047693
1421003047701
1421003047711
1421003047720
1421003047728
1421003047734
1421003047743
1421003047749
1421003047760
1421003047767
1421003047778
1421003047791
1421003047802
1421003047814
1421003047830
1421003047838
1421003047843
1421003047855
1421003047875
1421003047884
1421003047893
1421003047902
1421003047912
1421003047921
1421003047937
1421003047987
1421003048000
1421003048008
1421003048024
1421003048036
1421003048044
1421003048052
1421003048058
1421003048075
1421003048091
1421003048100
1421003048109
1421003048120
1421003048139
1421003048145
1421003048164
1421003048178
1421003048187
1421003048195
1421003048209
1421003048216
1421003048228
1421003048237
1421003048258
1421003047904
1421003047927
1421003047949
1421003047959
1421003047976
1421003048017
1421003048045
1421003048067
1421003048084
1421003048124
1421003048131
1421003048157
1421003048250
1421003048272
1421003048282
1421003048290
1421003048302
1421003048309
1421003048315
1421003048328
1421003048340
1421003048346
1421003048353
1421003048366
1421003048377
1421003048385
1421003048393
1421003048402
1421003048411
1421003048420
1421003048428
1421003048440
1421003048449
1421003048459
1421003048469
1421003048483
1421003048489
1421003048497
1421003048509
1421003048522
1421003048529
1421003048539
1421003048550
1421003048557
1421003048558
1421003048565
1421003048576
1421003048585
1421003048593
1421003048604
1421003048612
1421003048622
1421003048630
1421003048642
1421003048644
1421003048656
1421003048665
1421003048676
1421003048683
1421003048693
1421003048704
1421003048715
1421003048725
1421003048737
1421003048746
1421003048759
1421003048772
1421003048784
1421003048799
1421003048808
1421003048813
1421003048819
1421003048823
1421003048828
1421003048835
1421003048842
1421003048848
1421003048859
1421003048866
1421003048876
1421003048888
1421003048896
1421003048905
1421003048917
1421003048927
1421003048941
1421003048948
1421003048955
1421003048971
1421003048987
1421003048997
1421003049003
1421003049013
1421003049022
1421003049065
1421003049084
1421003049130
1421003049155
1421003049295
1421003049319
1421003049375
1421003049034
1421003049041
1421003049049
1421003049055
1421003049074
1421003049093
1421003049104
1421003049115
1421003049123
1421003049138
1421003049147
1421003049161
1421003049171
1421003049182
1421003049191
1421003049203
1421003049213
1421003049227
1421003049239
1421003049252
1421003049259
1421003049269
1421003049277
1421003049288
1421003049302
1421003049309
1421003049330
1421003049345
1421003049357
1421003049368
1421003049382
1421003049398
1421003049399
1421003049400
1421003049416
1421003049424
1421003049433
1421003049440
1421003049454
1421003049465
1421003049480
1421003049491
1421003049501
1421003049508
1421003049515
1421003049522
1421003049532
1421003049542
1421003049552
1421003049563
1421003049573
1421003049582
1421003049592
1421003049608
1421003049617
1421003049630
1421003049643
1421003049653
1421003049663
1421003049677
1421003049686
1421003049696
1421003049707
1421003049714
1421003049721
1421003049732
1421003049748
1421003049759
1421003049765
1421003049772
1421003049780
1421003049789
1421003049795
1421003049798
1421003049807
1421003049823
1421003049832
1421003049848
1421003049855
1421003049869
1421003049877
1421003049890
1421003049897
1421003049916
1421003049920
1421003049941
1421003049952
1421003049959
1421003049964
1421003050007
1421003050033
1421003050040
1421003050046
1421003050059
1421003050070
1421003050078
1421003050087
1421003050093
1421003050100
1421003050105
1421003050121
1421003049841
1421003049862
1421003049885
1421003049906
1421003049928
1421003049932
1421003049948
1421003050018
1421003050023
1421003050029
1421003050053
1421003050113
1421003050122
1421003050129
1421003050137
1421003050146
1421003050153
1421003050165
1421003050173
1421003050181
1421003050185
1421003050194
1421003050203
1421003050219
1421003050239
1421003050251
1421003050257
1421003050267
1421003050271
1421003050282
1421003050288
1421003050300
1421003050310
1421003050320
1421003050328
1421003050336
1421003050341
1421003050349
1421003050357
1421003050372
1421003050383
1421003050389
1421003050400
1421003050408
1421003050417
1421003050424
1421003050428
1421003050447
1421003050453
1421003050458
1421003050468
1421003050480
1421003050481
1421003050485
1421003050497
1421003050506
1421003050515
1421003050520
1421003050529
1421003050534
1421003050541
1421003050547
1421003050554
1421003050558
1421003050565
1421003050574
1421003050577
1421003050589
1421003050600
1421003050610
1421003050618
1421003050623
1421003050631
1421003050646
1421003050654
1421003050659
1421003050671
1421003050680
1421003050689
1421003050694
1421003050701
1421003050709
1421003050717
1421003050723
1421003050731
1421003050742
1421003050746
1421003050752
1421003050757
1421003050766
1421003050774
1421003050783
1421003050800
1421003050807
1421003050876
1421003050919
1421003050937
1421003050974
1421003050999
1421003051024
1421003051061
1421003050791
1421003050814
1421003050821
1421003050829
1421003050839
1421003050848
1421003050854
1421003050861
1421003050870
1421003050875
1421003050884
1421003050891
1421003050900
1421003050906
1421003050912
1421003050924
1421003050931
1421003050943
1421003050946
1421003050956
1421003050964
1421003050983
1421003050984
1421003050991
1421003051005
1421003051010
1421003051011
1421003051017
1421003051035
1421003051044
1421003051052
1421003051075
1421003051085
1421003051091
1421003051105
1421003051110
1421003051117
1421003051123
1421003051132
1421003051142
1421003051148
1421003051154
1421003051165
1421003051171
1421003051179
1421003051187
1421003051195
1421003051204
1421003051210
1421003051219
1421003051233
1421003051250
1421003051263
1421003051268
1421003051277
1421003051285
1421003051292
1421003051301
1421003051309
1421003051316
1421003051322
1421003051332
1421003051341
1421003051345
1421003051350
1421003051355
1421003051366
1421003051375
1421003051380
1421003051385
1421003051390
1421003051396
1421003051404
1421003051411
1421003051428
1421003051445
1421003051452
1421003051460
1421003051479
1421003051486
1421003051499
1421003051508
1421003051517
1421003051525
1421003051530
1421003051537
1421003051546
1421003051556
1421003051560
1421003051567
1421003051586
1421003051592
1421003051597
1421003051605
1421003051612
1421003051624
1421003051655
1421003051665
1421003051672
1421003051677
1421003051691
1421003051419
1421003051424
1421003051437
1421003051446
1421003051470
1421003051579
1421003051619
1421003051633
1421003051641
1421003051648
1421003051684
1421003051691
1421003051701
1421003051709
1421003051717
1421003051722
1421003051729
1421003051736
1421003051744
1421003051748
1421003051755
1421003051759
1421003051765
1421003051772
1421003051780
1421003051787
1421003051792
1421003051797
1421003051809
1421003051819
1421003051825
1421003051834
1421003051841
1421003051848
1421003051853
1421003051859
1421003051870
1421003051882
1421003051889
1421003051898
1421003051905
1421003051913
1421003051920
1421003051926
1421003051939
1421003051945
1421003051951
1421003051956
1421003051963
1421003051968
1421003051974
1421003051975
1421003051981
1421003051987
1421003051992
1421003051996
1421003052002
1421003052010
1421003052016
1421003052020
1421003052027
1421003052032
1421003052035
1421003052040
1421003052046
1421003052053
1421003052056
1421003052060
1421003052069
1421003052077
1421003052083
1421003052091
1421003052098
1421003052104
1421003052108
1421003052115
1421003052123
1421003052130
1421003052136
1421003052144
1421003052152
1421003052156
1421003052161
1421003052166
1421003052172
1421003052179
1421003052184
1421003052190
1421003052195
1421003052202
1421003052211
1421003052225
1421003052278
1421003052373
1421003052390
1421003052410
1421003052438
1421003052449
1421003052555
1421003052563
1421003052571
1421003052212
1421003052217
1421003052232
1421003052244
1421003052256
1421003052266
1421003052289
1421003052297
1421003052305
1421003052310
1421003052318
1421003052325
1421003052330
1421003052340
1421003052346
1421003052352
1421003052359
1421003052382
1421003052424
1421003052425
1421003052462
1421003052480
1421003052489
1421003052499
1421003052512
1421003052517
1421003052527
1421003052539
1421003052547
1421003052581
1421003052588
1421003052597
1421003052606
1421003052616
1421003052622
1421003052627
1421003052638
1421003052647
1421003052652
1421003052658
1421003052663
1421003052670
1421003052677
1421003052684
1421003052685
1421003052689
1421003052698
1421003052707
1421003052715
1421003052727
1421003052736
1421003052748
1421003052760
1421003052774
1421003052783
1421003052789
1421003052797
1421003052806
1421003052817
1421003052824
1421003052836
1421003052844
1421003052853
1421003052860
1421003052869
1421003052875
1421003052881
1421003052888
1421003052895
1421003052904
1421003052914
1421003052928
1421003052934
1421003052955
1421003052961
1421003052971
1421003052979
1421003052991
1421003053001
1421003053012
1421003053022
1421003053029
1421003053045
1421003053062
1421003053075
1421003053080
1421003053089
1421003053096
1421003053108
1421003053117
1421003053126
1421003053133
1421003053141
1421003053147
1421003053153
1421003053159
1421003053169
1421003053188
1421003053207
1421003053227
1421003053234
1421003042969
1421003042970
1421003043186
1421003043291
1421003043486
1421003043539
1421003043171
1421003043224
1421003043231
1421003043290
1421003043374
1421003043375
1421003043376
1421003043466
1421003043520
1421003043570
1421003043484
1421003043533
1421003043534
1421003043535
1421003043577
1421003043093
1421003043094
1421003043156
1421003043208
1421003043209
1421003043085
1421003043326
1421003043408
1421003052921
1421003052940
1421003052947
1421003053037
1421003053055
1421003053070
1421003053197
1421003053216
1421003053220
1421003053234
1421003053239
1421003053246
1421003053252
1421003053257
1421003053264
1421003053270
1421003053275
1421003053280
1421003053286
1421003053290
1421003053293
1421003053296
1421003053303
1421003053309
1421003053317
1421003053323
1421003053332
1421003053341
1421003053348
1421003053356
1421003053362
1421003053370
1421003053375
1421003053380
1421003043511
1421003043089
1421003043597
1421003043602
